Client selection history
Round 1, selected: [91, 87, 85, 89, 80, 25, 36, 29, 42, 11] 
Round 2, selected: [55, 24, 32, 66, 72, 18, 51, 23, 85, 84] 
Round 3, selected: [15, 87, 6, 26, 60, 70, 20, 33, 90, 9] 
Round 4, selected: [90, 66, 97, 11, 94, 24, 70, 7, 98, 54] 
Round 5, selected: [17, 29, 39, 78, 83, 57, 64, 41, 37, 10] 
Round 6, selected: [47, 44, 10, 21, 79, 15, 94, 26, 67, 14] 
Round 7, selected: [9, 52, 32, 7, 0, 89, 99, 65, 16, 69] 
Round 8, selected: [19, 99, 32, 40, 1, 74, 0, 59, 47, 46] 
Round 9, selected: [1, 95, 97, 88, 2, 44, 22, 76, 45, 19] 
Round 10, selected: [91, 86, 61, 78, 60, 74, 50, 31, 39, 41] 
Round 11, selected: [80, 59, 99, 37, 56, 8, 96, 89, 85, 33] 
Round 12, selected: [32, 95, 34, 96, 82, 81, 41, 45, 39, 21] 
Round 13, selected: [26, 18, 59, 5, 89, 14, 76, 29, 88, 53] 
Round 14, selected: [73, 2, 14, 83, 11, 49, 79, 95, 10, 1] 
Round 15, selected: [59, 27, 50, 19, 42, 22, 64, 75, 97, 0] 
Round 16, selected: [77, 23, 57, 47, 95, 28, 22, 50, 74, 58] 
Round 17, selected: [16, 47, 58, 52, 94, 44, 61, 21, 64, 97] 
Round 18, selected: [97, 76, 52, 28, 57, 6, 9, 51, 58, 67] 
Round 19, selected: [89, 28, 53, 29, 62, 93, 37, 96, 64, 79] 
Round 20, selected: [92, 25, 97, 68, 89, 45, 20, 90, 50, 55] 
Round 21, selected: [11, 54, 21, 47, 9, 40, 27, 77, 7, 62] 
Round 22, selected: [72, 87, 30, 38, 95, 12, 16, 14, 79, 61] 
Round 23, selected: [73, 35, 59, 30, 0, 91, 93, 56, 42, 46] 
Round 24, selected: [48, 29, 51, 63, 10, 24, 14, 52, 77, 58] 
Round 25, selected: [17, 95, 64, 80, 71, 67, 58, 85, 8, 79] 
Round 26, selected: [3, 95, 34, 39, 20, 67, 57, 45, 17, 91] 
Round 27, selected: [99, 83, 52, 45, 61, 24, 10, 19, 11, 46] 
Round 28, selected: [2, 11, 48, 42, 73, 85, 91, 82, 33, 72] 
Round 29, selected: [32, 74, 69, 3, 31, 14, 40, 16, 78, 0] 
Round 30, selected: [75, 47, 31, 18, 35, 81, 74, 65, 13, 30] 
Round 31, selected: [62, 75, 38, 19, 36, 35, 89, 11, 66, 79] 
Round 32, selected: [34, 93, 53, 41, 82, 44, 39, 29, 88, 67] 
Round 33, selected: [61, 56, 0, 64, 21, 30, 27, 70, 77, 98] 
Round 34, selected: [60, 45, 50, 99, 25, 23, 80, 38, 9, 74] 
Round 35, selected: [50, 17, 24, 54, 84, 77, 86, 80, 7, 44] 
Round 36, selected: [61, 93, 91, 89, 95, 73, 87, 58, 84, 0] 
Round 37, selected: [43, 90, 11, 31, 10, 5, 57, 29, 68, 89] 
Round 38, selected: [46, 77, 71, 40, 88, 43, 75, 41, 51, 14] 
Round 39, selected: [11, 51, 53, 1, 2, 35, 15, 23, 31, 39] 
Round 40, selected: [8, 66, 9, 99, 84, 73, 48, 95, 75, 51] 
Round 41, selected: [64, 7, 1, 22, 13, 34, 29, 95, 31, 17] 
Round 42, selected: [96, 88, 24, 3, 93, 16, 98, 22, 40, 53] 
Round 43, selected: [55, 22, 90, 44, 47, 28, 60, 40, 25, 26] 
Round 44, selected: [91, 5, 30, 8, 56, 17, 52, 18, 49, 37] 
Round 45, selected: [58, 10, 86, 79, 55, 71, 68, 9, 31, 20] 
Round 46, selected: [32, 20, 69, 8, 68, 75, 3, 99, 59, 87] 
Round 47, selected: [6, 10, 35, 45, 91, 51, 96, 43, 59, 30] 
Round 48, selected: [56, 13, 93, 71, 58, 38, 98, 44, 86, 89] 
Round 49, selected: [99, 58, 72, 29, 79, 24, 1, 3, 17, 26] 
Round 50, selected: [85, 2, 47, 30, 91, 52, 1, 16, 89, 49] 
Round 51, selected: [43, 94, 58, 7, 20, 29, 68, 13, 19, 32] 
Round 52, selected: [25, 66, 39, 0, 69, 21, 30, 62, 90, 34] 
Round 53, selected: [39, 50, 80, 13, 34, 44, 71, 33, 16, 57] 
Round 54, selected: [79, 98, 6, 30, 50, 62, 35, 12, 20, 0] 
Round 55, selected: [11, 9, 0, 78, 46, 84, 33, 31, 24, 63] 
Round 56, selected: [71, 40, 31, 58, 61, 0, 53, 10, 77, 18] 
Round 57, selected: [38, 77, 26, 69, 91, 3, 8, 56, 52, 37] 
Round 58, selected: [7, 29, 79, 45, 4, 33, 81, 92, 6, 20] 
Round 59, selected: [28, 83, 84, 71, 63, 30, 9, 68, 57, 43] 
Round 60, selected: [8, 52, 0, 77, 85, 58, 76, 26, 33, 37] 
Selected 100 different clients
