Client selection history
Round 1, selected: [2, 93, 91, 6, 17, 89, 10, 13, 65, 69] 
Round 2, selected: [62, 82, 99, 37, 6, 43, 87, 67, 88, 34] 
Round 3, selected: [52, 91, 53, 92, 8, 97, 33, 95, 74, 90] 
Round 4, selected: [94, 47, 55, 14, 30, 70, 11, 62, 74, 15] 
Round 5, selected: [53, 34, 22, 38, 64, 73, 31, 16, 67, 4] 
Round 6, selected: [11, 51, 90, 1, 88, 22, 69, 21, 81, 91] 
Round 7, selected: [28, 33, 79, 2, 32, 93, 73, 19, 94, 85] 
Round 8, selected: [60, 61, 76, 88, 91, 32, 80, 74, 41, 39] 
Round 9, selected: [45, 15, 49, 59, 18, 72, 24, 37, 19, 93] 
Round 10, selected: [32, 76, 61, 39, 88, 56, 4, 37, 3, 41] 
Round 11, selected: [5, 49, 14, 87, 24, 83, 54, 81, 85, 10] 
Round 12, selected: [53, 30, 11, 84, 62, 48, 25, 3, 44, 58] 
Round 13, selected: [42, 8, 94, 79, 7, 5, 14, 6, 41, 82] 
Round 14, selected: [56, 0, 10, 20, 90, 91, 53, 22, 36, 21] 
Round 15, selected: [27, 49, 86, 42, 2, 46, 82, 14, 93, 51] 
Round 16, selected: [81, 61, 92, 60, 26, 0, 20, 25, 58, 12] 
Round 17, selected: [99, 35, 94, 40, 49, 1, 74, 83, 8, 63] 
Round 18, selected: [53, 61, 80, 76, 56, 92, 22, 48, 21, 90] 
Round 19, selected: [35, 94, 43, 65, 31, 93, 49, 51, 24, 15] 
Round 20, selected: [91, 81, 13, 11, 60, 62, 20, 21, 63, 55] 
Round 21, selected: [86, 82, 85, 36, 5, 38, 28, 77, 88, 10] 
Round 22, selected: [70, 43, 99, 78, 16, 18, 0, 37, 39, 86] 
Round 23, selected: [9, 64, 84, 66, 76, 10, 38, 59, 45, 67] 
Round 24, selected: [75, 27, 44, 65, 33, 15, 19, 0, 73, 83] 
Round 25, selected: [13, 81, 10, 66, 94, 34, 23, 8, 77, 62] 
Round 26, selected: [70, 54, 46, 65, 96, 83, 59, 67, 28, 31] 
Round 27, selected: [52, 17, 10, 26, 11, 3, 28, 74, 2, 23] 
Round 28, selected: [70, 79, 66, 97, 99, 12, 94, 43, 32, 39] 
Round 29, selected: [41, 16, 5, 0, 50, 9, 36, 33, 28, 31] 
Round 30, selected: [66, 74, 59, 30, 11, 97, 7, 6, 18, 80] 
Round 31, selected: [41, 81, 84, 38, 89, 46, 42, 9, 19, 79] 
Round 32, selected: [27, 54, 44, 93, 34, 88, 37, 16, 43, 14] 
Round 33, selected: [13, 64, 50, 77, 34, 61, 5, 12, 47, 23] 
Round 34, selected: [55, 94, 78, 50, 33, 38, 29, 97, 90, 99] 
Round 35, selected: [52, 13, 84, 25, 4, 17, 75, 36, 9, 65] 
Round 36, selected: [29, 16, 87, 57, 94, 40, 86, 60, 18, 58] 
Round 37, selected: [91, 39, 60, 1, 48, 51, 78, 15, 2, 33] 
Round 38, selected: [72, 7, 64, 95, 23, 32, 99, 9, 74, 19] 
Round 39, selected: [71, 28, 53, 38, 44, 32, 49, 77, 69, 4] 
Round 40, selected: [70, 57, 29, 46, 2, 37, 23, 40, 71, 0] 
Round 41, selected: [13, 92, 51, 58, 39, 48, 56, 36, 90, 73] 
Round 42, selected: [27, 96, 57, 49, 87, 65, 93, 69, 22, 92] 
Round 43, selected: [52, 71, 3, 59, 1, 30, 63, 51, 69, 97] 
Round 44, selected: [70, 32, 53, 28, 79, 7, 26, 59, 66, 33] 
Round 45, selected: [54, 55, 45, 57, 26, 44, 8, 74, 69, 18] 
Round 46, selected: [89, 80, 31, 10, 92, 29, 26, 77, 73, 61] 
Round 47, selected: [96, 17, 25, 68, 2, 45, 69, 3, 22, 72] 
Round 48, selected: [95, 8, 50, 66, 34, 89, 81, 12, 57, 30] 
Round 49, selected: [25, 76, 23, 84, 65, 6, 3, 2, 80, 68] 
Round 50, selected: [42, 64, 27, 55, 7, 50, 46, 96, 17, 89] 
Round 51, selected: [53, 13, 16, 26, 3, 24, 10, 44, 56, 42] 
Round 52, selected: [27, 5, 88, 17, 65, 49, 15, 6, 30, 84] 
Round 53, selected: [95, 32, 88, 80, 79, 92, 84, 51, 85, 12] 
Round 54, selected: [67, 25, 15, 68, 9, 6, 44, 83, 28, 56] 
Round 55, selected: [1, 55, 52, 91, 13, 41, 10, 87, 7, 24] 
Round 56, selected: [35, 29, 75, 1, 57, 54, 43, 86, 69, 0] 
Round 57, selected: [52, 81, 34, 42, 11, 16, 31, 33, 9, 67] 
Round 58, selected: [64, 51, 96, 0, 23, 71, 45, 66, 65, 72] 
Round 59, selected: [70, 8, 38, 13, 27, 89, 39, 17, 34, 85] 
Round 60, selected: [59, 52, 97, 73, 36, 50, 32, 27, 53, 29] 
Selected 99 different clients
