Client selection history
Round 1, selected: [87, 27, 98, 72, 62, 37, 17, 61, 36, 33] 
Round 2, selected: [4, 29, 96, 39, 32, 89, 70, 15, 69, 2] 
Round 3, selected: [38, 58, 70, 60, 4, 19, 49, 94, 65, 92] 
Round 4, selected: [89, 91, 14, 53, 82, 67, 34, 55, 18, 56] 
Round 5, selected: [35, 40, 93, 88, 26, 85, 64, 68, 21, 45] 
Round 6, selected: [3, 7, 69, 59, 10, 57, 71, 76, 57, 30] 
Round 7, selected: [67, 45, 84, 86, 73, 55, 22, 64, 3, 74] 
Round 8, selected: [86, 83, 47, 7, 54, 58, 83, 36, 35, 28] 
Round 9, selected: [82, 35, 39, 95, 9, 25, 74, 90, 12, 38] 
Round 10, selected: [73, 31, 72, 8, 52, 48, 53, 74, 0, 71] 
Round 11, selected: [87, 27, 98, 72, 62, 37, 17, 61, 36, 33] 
Round 12, selected: [4, 29, 96, 39, 32, 89, 70, 15, 69, 2] 
Round 13, selected: [38, 58, 70, 60, 4, 19, 49, 94, 65, 92] 
Round 14, selected: [89, 91, 14, 53, 82, 67, 34, 55, 18, 56] 
Round 15, selected: [35, 40, 93, 88, 26, 85, 64, 68, 21, 45] 
Round 16, selected: [3, 7, 69, 59, 10, 57, 71, 76, 57, 30] 
Round 17, selected: [67, 45, 84, 86, 73, 55, 22, 64, 3, 74] 
Round 18, selected: [86, 83, 47, 7, 54, 58, 83, 36, 35, 28] 
Round 19, selected: [82, 35, 39, 95, 9, 25, 74, 90, 12, 38] 
Round 20, selected: [73, 31, 72, 8, 52, 48, 53, 74, 0, 71] 
Round 21, selected: [87, 27, 98, 72, 62, 37, 17, 61, 36, 33] 
Round 22, selected: [4, 29, 96, 39, 32, 89, 70, 15, 69, 2] 
Round 23, selected: [38, 58, 70, 60, 4, 19, 49, 94, 65, 92] 
Round 24, selected: [89, 91, 14, 53, 82, 67, 34, 55, 18, 56] 
Round 25, selected: [35, 40, 93, 88, 26, 85, 64, 68, 21, 45] 
Round 26, selected: [3, 7, 69, 59, 10, 57, 71, 76, 57, 30] 
Round 27, selected: [67, 45, 84, 86, 73, 55, 22, 64, 3, 74] 
Round 28, selected: [86, 83, 47, 7, 54, 58, 83, 36, 35, 28] 
Round 29, selected: [82, 35, 39, 95, 9, 25, 74, 90, 12, 38] 
Round 30, selected: [73, 31, 72, 8, 52, 48, 53, 74, 0, 71] 
Round 31, selected: [87, 27, 98, 72, 62, 37, 17, 61, 36, 33] 
Round 32, selected: [4, 29, 96, 39, 32, 89, 70, 15, 69, 2] 
Round 33, selected: [38, 58, 70, 60, 4, 19, 49, 94, 65, 92] 
Round 34, selected: [89, 91, 14, 53, 82, 67, 34, 55, 18, 56] 
Round 35, selected: [35, 40, 93, 88, 26, 85, 64, 68, 21, 45] 
Round 36, selected: [3, 7, 69, 59, 10, 57, 71, 76, 57, 30] 
Round 37, selected: [67, 45, 84, 86, 73, 55, 22, 64, 3, 74] 
Round 38, selected: [86, 83, 47, 7, 54, 58, 83, 36, 35, 28] 
Round 39, selected: [82, 35, 39, 95, 9, 25, 74, 90, 12, 38] 
Round 40, selected: [73, 31, 72, 8, 52, 48, 53, 74, 0, 71] 
Round 41, selected: [87, 27, 98, 72, 62, 37, 17, 61, 36, 33] 
Round 42, selected: [4, 29, 96, 39, 32, 89, 70, 15, 69, 2] 
Round 43, selected: [38, 58, 70, 60, 4, 19, 49, 94, 65, 92] 
Round 44, selected: [89, 91, 14, 53, 82, 67, 34, 55, 18, 56] 
Round 45, selected: [35, 40, 93, 88, 26, 85, 64, 68, 21, 45] 
Round 46, selected: [3, 7, 69, 59, 10, 57, 71, 76, 57, 30] 
Round 47, selected: [67, 45, 84, 86, 73, 55, 22, 64, 3, 74] 
Round 48, selected: [86, 83, 47, 7, 54, 58, 83, 36, 35, 28] 
Round 49, selected: [82, 35, 39, 95, 9, 25, 74, 90, 12, 38] 
Round 50, selected: [73, 31, 72, 8, 52, 48, 53, 74, 0, 71] 
Round 51, selected: [87, 27, 98, 72, 62, 37, 17, 61, 36, 33] 
Round 52, selected: [4, 29, 96, 39, 32, 89, 70, 15, 69, 2] 
Round 53, selected: [38, 58, 70, 60, 4, 19, 49, 94, 65, 92] 
Round 54, selected: [89, 91, 14, 53, 82, 67, 34, 55, 18, 56] 
Round 55, selected: [35, 40, 93, 88, 26, 85, 64, 68, 21, 45] 
Round 56, selected: [3, 7, 69, 59, 10, 57, 71, 76, 57, 30] 
Round 57, selected: [67, 45, 84, 86, 73, 55, 22, 64, 3, 74] 
Round 58, selected: [86, 83, 47, 7, 54, 58, 83, 36, 35, 28] 
Round 59, selected: [82, 35, 39, 95, 9, 25, 74, 90, 12, 38] 
Round 60, selected: [73, 31, 72, 8, 52, 48, 53, 74, 0, 71] 
Selected 74 different clients
