Client selection history
Round 0, selected: [388, 455, 208, 66, 313, 379, 157, 487, 271, 353] 
Round 1, selected: [376, 387, 77, 222, 299, 279, 453, 111, 413, 340] 
Round 2, selected: [53, 204, 262, 254, 418, 147, 471, 210, 486, 405] 
Round 3, selected: [351, 172, 82, 488, 123, 417, 463, 34, 338, 469] 
Round 4, selected: [292, 184, 16, 226, 367, 309, 94, 362, 481, 357] 
Round 5, selected: [86, 246, 424, 139, 163, 215, 395, 196, 158, 266] 
Round 6, selected: [26, 475, 14, 446, 136, 265, 478, 47, 17, 191] 
Round 7, selected: [416, 263, 167, 323, 402, 293, 329, 164, 350, 180] 
Round 8, selected: [43, 154, 178, 51, 424, 231, 181, 352, 216, 229] 
Round 9, selected: [53, 461, 103, 21, 140, 307, 400, 444, 24, 399] 
Round 10, selected: [134, 355, 385, 176, 98, 32, 95, 20, 470, 276] 
Round 11, selected: [18, 447, 90, 379, 25, 404, 38, 377, 303, 273] 
Round 12, selected: [330, 489, 476, 138, 267, 432, 344, 382, 286, 194] 
Round 13, selected: [297, 202, 117, 252, 183, 462, 217, 92, 140, 441] 
Round 14, selected: [465, 438, 132, 392, 11, 217, 240, 375, 214, 128] 
Round 15, selected: [296, 445, 389, 244, 161, 144, 88, 456, 100, 429] 
Round 16, selected: [363, 288, 374, 233, 91, 291, 207, 469, 70, 282] 
Round 17, selected: [359, 474, 264, 420, 127, 244, 242, 285, 314, 200] 
Round 18, selected: [79, 75, 57, 203, 280, 337, 50, 295, 448, 113] 
Round 19, selected: [65, 390, 328, 385, 475, 147, 151, 407, 81, 279] 
Round 20, selected: [72, 236, 272, 387, 452, 257, 37, 406, 136, 101] 
Round 21, selected: [151, 122, 251, 326, 213, 239, 289, 22, 412, 84] 
Round 22, selected: [55, 316, 236, 234, 335, 395, 49, 48, 0, 30] 
Round 23, selected: [87, 41, 93, 334, 497, 219, 124, 333, 174, 356] 
Round 24, selected: [278, 411, 27, 245, 63, 9, 228, 249, 197, 284] 
Round 25, selected: [86, 457, 414, 468, 421, 206, 317, 68, 64, 119] 
Round 26, selected: [458, 209, 419, 188, 228, 341, 466, 259, 227, 256] 
Round 27, selected: [3, 15, 8, 460, 371, 440, 208, 205, 315, 54] 
Round 28, selected: [423, 345, 422, 80, 0, 283, 490, 450, 308, 269] 
Round 29, selected: [403, 201, 274, 496, 310, 189, 176, 367, 400, 36] 
Selected 277 different clients
