Client selection history
Round 0, selected: [25, 72, 219, 274, 352, 218, 318, 340, 461, 412] 
Round 1, selected: [342, 294, 183, 46, 276, 116, 161, 230, 278, 400] 
Round 2, selected: [354, 363, 66, 265, 412, 0, 469, 56, 178, 4] 
Round 3, selected: [192, 239, 29, 383, 111, 213, 102, 400, 302, 493] 
Round 4, selected: [182, 60, 329, 64, 353, 354, 38, 173, 492, 67] 
Round 5, selected: [458, 227, 195, 424, 273, 337, 187, 171, 199, 294] 
Round 6, selected: [261, 386, 172, 247, 298, 214, 215, 321, 103, 266] 
Round 7, selected: [38, 434, 293, 49, 408, 289, 46, 79, 467, 417] 
Round 8, selected: [448, 133, 191, 441, 29, 413, 460, 79, 217, 86] 
Round 9, selected: [244, 395, 473, 128, 412, 301, 365, 43, 7, 205] 
Round 10, selected: [230, 117, 437, 434, 269, 322, 224, 274, 167, 467] 
Round 11, selected: [188, 57, 354, 109, 443, 15, 121, 385, 468, 229] 
Round 12, selected: [450, 341, 276, 306, 69, 159, 326, 23, 192, 278] 
Round 13, selected: [7, 388, 182, 188, 66, 236, 84, 82, 73, 265] 
Round 14, selected: [1, 249, 498, 404, 203, 326, 294, 81, 485, 251] 
Round 15, selected: [287, 376, 148, 179, 192, 311, 482, 188, 150, 328] 
Round 16, selected: [190, 346, 46, 403, 288, 19, 27, 6, 8, 166] 
Round 17, selected: [94, 329, 302, 163, 102, 386, 174, 122, 24, 308] 
Round 18, selected: [433, 20, 400, 425, 47, 374, 55, 49, 355, 184] 
Round 19, selected: [24, 377, 144, 312, 52, 239, 143, 397, 480, 62] 
Round 20, selected: [69, 380, 425, 259, 354, 18, 50, 177, 119, 149] 
Round 21, selected: [87, 317, 442, 5, 306, 426, 35, 293, 52, 488] 
Round 22, selected: [224, 288, 18, 5, 317, 345, 362, 321, 178, 407] 
Round 23, selected: [258, 172, 30, 22, 86, 109, 395, 61, 206, 399] 
Round 24, selected: [386, 276, 104, 416, 240, 484, 37, 335, 291, 167] 
Round 25, selected: [454, 429, 349, 385, 437, 143, 214, 388, 179, 135] 
Round 26, selected: [403, 140, 235, 430, 21, 108, 288, 115, 158, 234] 
Round 27, selected: [479, 320, 250, 354, 273, 327, 360, 161, 475, 356] 
Round 28, selected: [302, 445, 485, 105, 460, 24, 43, 258, 221, 262] 
Round 29, selected: [252, 84, 424, 17, 449, 198, 44, 201, 66, 244] 
Selected 224 different clients
