Client selection history
Round 1, selected: [56, 68, 44, 129, 91, 144, 130, 114, 95, 64] 
Round 2, selected: [9, 143, 85, 110, 38, 70, 116, 190, 187, 132] 
Round 3, selected: [159, 20, 18, 6, 76, 97, 99, 151, 89, 133] 
Round 4, selected: [177, 96, 127, 89, 49, 93, 65, 182, 27, 114] 
Round 5, selected: [119, 162, 50, 167, 82, 193, 97, 69, 190, 35] 
Round 6, selected: [2, 131, 102, 124, 31, 150, 45, 167, 132, 20] 
Round 7, selected: [69, 9, 188, 39, 108, 58, 180, 54, 100, 146] 
Round 8, selected: [92, 20, 38, 87, 94, 149, 76, 143, 30, 181] 
Round 9, selected: [158, 148, 56, 7, 3, 27, 142, 18, 66, 62] 
Round 10, selected: [113, 87, 151, 6, 157, 15, 91, 55, 30, 167] 
Round 11, selected: [133, 129, 152, 165, 162, 62, 148, 6, 112, 21] 
Round 12, selected: [23, 77, 13, 56, 142, 101, 197, 68, 103, 69] 
Round 13, selected: [136, 98, 57, 81, 31, 130, 0, 178, 162, 194] 
Round 14, selected: [115, 177, 122, 159, 4, 33, 81, 142, 100, 20] 
Round 15, selected: [160, 158, 197, 45, 102, 90, 75, 144, 33, 37] 
Round 16, selected: [138, 135, 170, 186, 106, 72, 166, 113, 199, 21] 
Round 17, selected: [162, 171, 146, 158, 79, 38, 64, 2, 34, 8] 
Round 18, selected: [163, 108, 167, 197, 135, 118, 130, 67, 121, 178] 
Round 19, selected: [89, 167, 33, 101, 82, 3, 171, 106, 141, 153] 
Round 20, selected: [15, 75, 104, 95, 48, 118, 146, 125, 154, 80] 
Round 21, selected: [172, 119, 176, 63, 164, 102, 122, 190, 46, 17] 
Round 22, selected: [171, 151, 78, 21, 139, 59, 197, 183, 190, 87] 
Round 23, selected: [192, 23, 57, 107, 103, 3, 75, 66, 155, 169] 
Round 24, selected: [171, 173, 74, 70, 170, 157, 146, 2, 154, 178] 
Round 25, selected: [196, 25, 192, 115, 77, 87, 134, 194, 122, 84] 
Round 26, selected: [1, 49, 65, 178, 116, 10, 128, 157, 9, 18] 
Round 27, selected: [51, 81, 191, 149, 98, 198, 57, 146, 94, 55] 
Round 28, selected: [74, 59, 163, 44, 169, 81, 86, 94, 104, 37] 
Round 29, selected: [186, 88, 94, 122, 153, 66, 162, 37, 12, 84] 
Round 30, selected: [73, 143, 172, 60, 80, 159, 3, 178, 148, 44] 
Round 31, selected: [150, 106, 100, 171, 47, 138, 157, 114, 149, 96] 
Round 32, selected: [110, 162, 29, 100, 10, 143, 180, 99, 92, 114] 
Round 33, selected: [36, 92, 160, 191, 64, 94, 69, 13, 83, 122] 
Round 34, selected: [20, 24, 65, 57, 164, 1, 109, 134, 179, 43] 
Round 35, selected: [35, 96, 196, 114, 8, 116, 47, 177, 173, 70] 
Round 36, selected: [152, 158, 194, 115, 161, 123, 127, 37, 9, 137] 
Round 37, selected: [196, 189, 112, 17, 72, 107, 186, 177, 79, 154] 
Round 38, selected: [189, 86, 23, 97, 33, 13, 72, 43, 133, 148] 
Round 39, selected: [107, 128, 81, 166, 90, 129, 114, 182, 20, 139] 
Round 40, selected: [18, 24, 194, 169, 89, 39, 132, 3, 54, 33] 
Round 41, selected: [103, 111, 179, 80, 186, 135, 174, 126, 46, 116] 
Round 42, selected: [54, 176, 97, 48, 9, 140, 103, 116, 153, 15] 
Round 43, selected: [83, 146, 4, 93, 86, 184, 177, 126, 22, 96] 
Round 44, selected: [192, 174, 30, 25, 113, 161, 153, 124, 129, 98] 
Round 45, selected: [193, 55, 116, 177, 104, 195, 199, 187, 86, 92] 
Round 46, selected: [83, 177, 186, 80, 2, 46, 133, 24, 59, 122] 
Round 47, selected: [129, 85, 121, 161, 187, 138, 41, 180, 143, 145] 
Round 48, selected: [150, 148, 43, 109, 44, 178, 103, 2, 117, 166] 
Round 49, selected: [145, 11, 30, 153, 138, 126, 182, 63, 31, 170] 
Round 50, selected: [118, 29, 99, 105, 46, 102, 10, 115, 199, 42] 
Round 51, selected: [188, 193, 195, 176, 107, 184, 69, 21, 186, 73] 
Round 52, selected: [61, 135, 187, 105, 86, 63, 69, 143, 197, 190] 
Round 53, selected: [82, 158, 33, 89, 79, 173, 2, 100, 16, 58] 
Round 54, selected: [33, 104, 167, 137, 97, 144, 80, 155, 99, 73] 
Round 55, selected: [140, 67, 33, 172, 68, 194, 156, 176, 40, 121] 
Round 56, selected: [162, 101, 98, 187, 82, 66, 23, 150, 193, 97] 
Round 57, selected: [58, 11, 132, 97, 71, 63, 196, 48, 16, 183] 
Round 58, selected: [176, 31, 27, 53, 66, 96, 60, 92, 179, 125] 
Round 59, selected: [154, 159, 119, 2, 123, 150, 96, 69, 153, 187] 
Round 60, selected: [118, 43, 180, 117, 3, 27, 114, 108, 197, 33] 
Selected 188 different clients
