Client selection history
Round 1, selected: [96, 64, 25, 46, 59, 92, 69, 90, 43, 29] 
Round 2, selected: [4, 24, 94, 6, 70, 10, 22, 61, 71, 98] 
Round 3, selected: [62, 89, 5, 59, 95, 2, 1, 90, 80, 78] 
Round 4, selected: [1, 89, 97, 71, 10, 28, 53, 78, 95, 69] 
Round 5, selected: [73, 34, 65, 6, 82, 74, 11, 22, 17, 52] 
Round 6, selected: [44, 91, 76, 82, 55, 20, 47, 38, 61, 34] 
Round 7, selected: [42, 38, 83, 87, 52, 18, 84, 86, 97, 30] 
Round 8, selected: [10, 11, 81, 42, 61, 72, 99, 0, 12, 47] 
Round 9, selected: [42, 40, 0, 19, 80, 37, 72, 23, 22, 6] 
Round 10, selected: [5, 1, 6, 67, 29, 33, 0, 83, 85, 34] 
Round 11, selected: [42, 40, 85, 0, 23, 64, 99, 87, 59, 35] 
Round 12, selected: [59, 6, 67, 23, 20, 18, 98, 16, 17, 25] 
Round 13, selected: [95, 87, 48, 30, 54, 20, 57, 2, 92, 65] 
Round 14, selected: [50, 80, 78, 57, 68, 86, 72, 81, 43, 33] 
Round 15, selected: [65, 73, 97, 13, 70, 80, 34, 3, 46, 7] 
Round 16, selected: [79, 10, 89, 86, 7, 6, 34, 35, 77, 11] 
Round 17, selected: [6, 32, 63, 96, 91, 54, 90, 23, 76, 78] 
Round 18, selected: [23, 39, 34, 84, 27, 10, 99, 81, 55, 44] 
Round 19, selected: [67, 37, 42, 29, 44, 45, 94, 0, 16, 33] 
Round 20, selected: [0, 40, 79, 32, 75, 61, 85, 23, 22, 34] 
Round 21, selected: [85, 99, 22, 24, 51, 88, 82, 62, 93, 78] 
Round 22, selected: [2, 0, 91, 51, 15, 59, 5, 48, 62, 1] 
Round 23, selected: [42, 40, 61, 99, 39, 2, 33, 72, 64, 94] 
Round 24, selected: [59, 24, 22, 91, 38, 88, 95, 66, 55, 47] 
Round 25, selected: [22, 96, 59, 5, 94, 61, 16, 83, 27, 84] 
Round 26, selected: [94, 50, 95, 59, 98, 78, 66, 84, 30, 91] 
Round 27, selected: [1, 24, 98, 99, 33, 58, 22, 85, 82, 64] 
Round 28, selected: [61, 96, 0, 64, 33, 72, 40, 39, 51, 37] 
Round 29, selected: [42, 1, 33, 91, 34, 63, 54, 69, 78, 4] 
Round 30, selected: [50, 82, 5, 1, 64, 65, 59, 89, 96, 52] 
Round 31, selected: [5, 48, 19, 0, 50, 40, 96, 2, 43, 67] 
Round 32, selected: [50, 61, 6, 85, 67, 45, 7, 29, 78, 55] 
Round 33, selected: [45, 37, 78, 75, 99, 70, 40, 72, 89, 5] 
Round 34, selected: [40, 75, 24, 27, 4, 55, 69, 63, 52, 34] 
Round 35, selected: [94, 39, 6, 7, 52, 33, 79, 3, 51, 98] 
Round 36, selected: [44, 51, 63, 45, 23, 22, 59, 92, 75, 10] 
Round 37, selected: [51, 6, 34, 84, 99, 40, 89, 80, 15, 55] 
Round 38, selected: [84, 89, 34, 45, 2, 64, 62, 50, 88, 77] 
Round 39, selected: [2, 89, 45, 72, 0, 78, 44, 84, 75, 37] 
Round 40, selected: [99, 1, 79, 39, 32, 44, 43, 52, 95, 27] 
Round 41, selected: [95, 16, 45, 52, 62, 55, 90, 13, 8, 73] 
Round 42, selected: [80, 6, 72, 50, 99, 78, 69, 63, 62, 44] 
Round 43, selected: [32, 6, 52, 4, 0, 24, 12, 70, 42, 36] 
Round 44, selected: [32, 99, 89, 63, 4, 69, 61, 40, 58, 77] 
Round 45, selected: [89, 5, 75, 6, 40, 95, 23, 33, 49, 41] 
Round 46, selected: [75, 89, 23, 55, 61, 43, 4, 7, 84, 98] 
Round 47, selected: [61, 59, 94, 32, 58, 51, 31, 96, 25, 53] 
Round 48, selected: [99, 80, 16, 61, 27, 24, 33, 69, 70, 55] 
Round 49, selected: [80, 89, 75, 27, 79, 78, 59, 12, 6, 31] 
Round 50, selected: [89, 27, 75, 24, 62, 61, 98, 32, 21, 7] 
Round 51, selected: [32, 75, 69, 58, 21, 7, 67, 52, 40, 31] 
Round 52, selected: [98, 12, 29, 61, 37, 45, 59, 69, 5, 19] 
Round 53, selected: [72, 89, 5, 32, 98, 12, 80, 52, 36, 85] 
Round 54, selected: [89, 32, 99, 0, 52, 77, 75, 42, 94, 25] 
Round 55, selected: [89, 0, 99, 79, 66, 6, 67, 21, 69, 77] 
Round 56, selected: [89, 80, 12, 37, 42, 69, 81, 24, 22, 50] 
Round 57, selected: [5, 1, 52, 66, 43, 78, 95, 21, 6, 23] 
Round 58, selected: [80, 94, 32, 7, 69, 61, 98, 12, 92, 2] 
Round 59, selected: [79, 16, 94, 59, 36, 4, 92, 2, 25, 54] 
Round 60, selected: [1, 19, 79, 89, 78, 98, 70, 99, 36, 2] 
Selected 95 different clients
