Client selection history
Round 1, selected: [16, 36, 91, 25, 89, 96, 65, 87, 29, 85] 
Round 2, selected: [66, 24, 22, 92, 83, 65, 89, 9, 95, 23] 
Round 3, selected: [41, 17, 68, 92, 90, 86, 65, 54, 34, 20] 
Round 4, selected: [11, 55, 45, 35, 73, 26, 79, 23, 69, 56] 
Round 5, selected: [86, 88, 6, 27, 44, 68, 57, 76, 95, 37] 
Round 6, selected: [62, 96, 11, 0, 9, 61, 31, 7, 79, 84] 
Round 7, selected: [47, 97, 82, 21, 27, 54, 30, 99, 81, 39] 
Round 8, selected: [92, 63, 67, 55, 38, 51, 40, 6, 73, 61] 
Round 9, selected: [18, 95, 20, 76, 5, 28, 3, 60, 53, 45] 
Round 10, selected: [22, 31, 17, 65, 12, 60, 24, 11, 33, 63] 
Round 11, selected: [58, 44, 70, 79, 41, 19, 4, 20, 18, 15] 
Round 12, selected: [56, 72, 16, 42, 28, 67, 47, 88, 41, 12] 
Round 13, selected: [80, 8, 75, 68, 87, 13, 98, 22, 25, 34] 
Round 14, selected: [41, 66, 90, 14, 40, 84, 28, 2, 30, 45] 
Round 15, selected: [7, 47, 1, 97, 77, 56, 18, 26, 42, 10] 
Round 16, selected: [19, 51, 68, 44, 79, 69, 40, 0, 81, 99] 
Round 17, selected: [86, 23, 27, 82, 70, 33, 91, 49, 29, 47] 
Round 18, selected: [21, 89, 62, 59, 91, 66, 68, 44, 90, 67] 
Round 19, selected: [80, 58, 9, 6, 30, 57, 32, 10, 86, 94] 
Round 20, selected: [71, 8, 51, 53, 26, 59, 91, 17, 88, 28] 
Round 21, selected: [46, 78, 50, 20, 52, 25, 22, 63, 43, 9] 
Round 22, selected: [74, 95, 55, 54, 77, 21, 33, 11, 56, 34] 
Round 23, selected: [73, 39, 21, 14, 41, 2, 76, 84, 12, 6] 
Round 24, selected: [46, 48, 80, 4, 36, 76, 69, 92, 58, 33] 
Round 25, selected: [5, 50, 75, 62, 61, 16, 27, 74, 99, 13] 
Round 26, selected: [0, 85, 48, 60, 20, 73, 80, 39, 43, 87] 
Round 27, selected: [37, 35, 96, 38, 57, 72, 82, 61, 27, 32] 
Round 28, selected: [3, 24, 35, 95, 55, 92, 45, 81, 20, 70] 
Round 29, selected: [83, 96, 23, 46, 34, 74, 52, 19, 11, 70] 
Round 30, selected: [54, 43, 16, 2, 72, 4, 89, 42, 48, 36] 
Round 31, selected: [31, 3, 35, 79, 97, 12, 65, 94, 76, 90] 
Round 32, selected: [93, 60, 54, 31, 23, 99, 74, 34, 27, 97] 
Round 33, selected: [15, 0, 88, 73, 11, 81, 95, 69, 6, 79] 
Round 34, selected: [1, 78, 29, 13, 47, 18, 80, 26, 92, 19] 
Round 35, selected: [57, 71, 86, 30, 72, 33, 2, 94, 20, 41] 
Round 36, selected: [64, 5, 50, 49, 63, 18, 3, 56, 36, 88] 
Round 37, selected: [85, 22, 1, 40, 62, 92, 5, 48, 87, 29] 
Round 38, selected: [75, 84, 96, 17, 58, 64, 81, 23, 50, 1] 
Round 39, selected: [8, 15, 20, 0, 80, 90, 54, 45, 78, 25] 
Round 40, selected: [55, 98, 66, 85, 60, 46, 11, 67, 9, 10] 
Round 41, selected: [37, 31, 35, 14, 39, 43, 73, 86, 51, 71] 
Round 42, selected: [38, 61, 97, 55, 16, 48, 22, 14, 44, 2] 
Round 43, selected: [75, 95, 27, 3, 57, 99, 9, 84, 8, 63] 
Round 44, selected: [7, 83, 61, 17, 35, 13, 54, 89, 49, 29] 
Round 45, selected: [24, 75, 21, 22, 3, 28, 23, 50, 80, 96] 
Round 46, selected: [37, 83, 53, 27, 42, 76, 2, 43, 17, 58] 
Round 47, selected: [7, 5, 39, 50, 18, 12, 30, 53, 62, 61] 
Round 48, selected: [31, 7, 76, 86, 59, 0, 85, 44, 58, 69] 
Round 49, selected: [39, 46, 47, 65, 40, 81, 21, 25, 89, 17] 
Round 50, selected: [98, 75, 4, 74, 56, 9, 11, 16, 57, 33] 
Round 51, selected: [32, 52, 65, 19, 30, 35, 22, 82, 40, 70] 
Round 52, selected: [7, 95, 18, 49, 97, 13, 82, 3, 57, 56] 
Round 53, selected: [24, 71, 51, 1, 7, 73, 61, 78, 35, 62] 
Round 54, selected: [93, 75, 77, 15, 52, 85, 48, 80, 2, 74] 
Round 55, selected: [38, 43, 32, 34, 68, 94, 44, 19, 29, 99] 
Round 56, selected: [54, 60, 53, 70, 26, 0, 84, 57, 25, 88] 
Round 57, selected: [14, 24, 46, 13, 33, 81, 79, 10, 48, 27] 
Round 58, selected: [38, 37, 50, 92, 96, 83, 39, 7, 12, 89] 
Round 59, selected: [38, 64, 5, 58, 55, 45, 83, 78, 34, 60] 
Round 60, selected: [40, 66, 14, 71, 41, 18, 85, 0, 16, 94] 
Selected 100 different clients
