Client selection history
Round 1, selected: [64, 69, 32, 59, 29, 72, 43, 89, 48, 92] 
Round 2, selected: [2, 87, 51, 9, 67, 61, 10, 77, 45, 62] 
Round 3, selected: [5, 15, 54, 46, 79, 22, 32, 4, 72, 77] 
Round 4, selected: [13, 6, 14, 7, 65, 10, 27, 18, 38, 97] 
Round 5, selected: [2, 97, 90, 81, 40, 72, 6, 13, 79, 78] 
Round 6, selected: [94, 18, 93, 58, 49, 0, 47, 83, 96, 17] 
Round 7, selected: [16, 28, 61, 67, 76, 43, 0, 29, 51, 93] 
Round 8, selected: [52, 12, 75, 13, 76, 73, 69, 27, 6, 99] 
Round 9, selected: [3, 6, 64, 1, 99, 28, 25, 71, 67, 5] 
Round 10, selected: [90, 7, 56, 0, 77, 80, 52, 59, 67, 35] 
Round 11, selected: [88, 47, 70, 16, 93, 18, 82, 54, 85, 61] 
Round 12, selected: [20, 92, 30, 95, 62, 26, 55, 61, 2, 77] 
Round 13, selected: [35, 72, 99, 0, 68, 90, 52, 43, 88, 91] 
Round 14, selected: [53, 56, 66, 48, 62, 67, 35, 15, 69, 23] 
Round 15, selected: [68, 38, 63, 20, 89, 27, 59, 98, 33, 95] 
Round 16, selected: [0, 50, 23, 98, 77, 82, 76, 34, 19, 53] 
Round 17, selected: [0, 46, 73, 1, 28, 97, 92, 78, 32, 74] 
Round 18, selected: [33, 89, 67, 66, 79, 40, 22, 58, 78, 50] 
Round 19, selected: [45, 21, 14, 10, 26, 24, 92, 87, 81, 62] 
Round 20, selected: [81, 60, 79, 0, 25, 39, 62, 61, 56, 21] 
Round 21, selected: [19, 82, 77, 78, 74, 27, 28, 8, 73, 55] 
Round 22, selected: [33, 10, 38, 50, 32, 5, 29, 97, 22, 83] 
Round 23, selected: [36, 35, 46, 3, 92, 22, 27, 84, 90, 16] 
Round 24, selected: [61, 48, 91, 26, 12, 59, 96, 28, 69, 50] 
Round 25, selected: [26, 7, 96, 76, 57, 39, 23, 17, 10, 92] 
Round 26, selected: [55, 11, 81, 9, 23, 7, 51, 1, 46, 10] 
Round 27, selected: [46, 4, 28, 0, 63, 1, 92, 3, 22, 89] 
Round 28, selected: [5, 32, 52, 36, 10, 58, 92, 15, 11, 42] 
Round 29, selected: [66, 58, 97, 77, 90, 65, 6, 55, 81, 99] 
Round 30, selected: [95, 60, 57, 8, 89, 92, 42, 81, 63, 21] 
Round 31, selected: [38, 14, 3, 58, 9, 90, 52, 57, 68, 89] 
Round 32, selected: [77, 66, 90, 81, 64, 9, 7, 58, 6, 84] 
Round 33, selected: [80, 46, 59, 8, 55, 44, 82, 86, 71, 56] 
Round 34, selected: [73, 65, 40, 25, 52, 94, 49, 6, 28, 83] 
Round 35, selected: [67, 28, 14, 33, 34, 88, 61, 40, 75, 86] 
Round 36, selected: [75, 70, 80, 41, 26, 60, 53, 73, 82, 28] 
Round 37, selected: [89, 33, 44, 1, 95, 50, 94, 13, 30, 37] 
Round 38, selected: [88, 83, 72, 28, 3, 94, 56, 34, 44, 6] 
Round 39, selected: [21, 24, 26, 84, 13, 41, 14, 20, 58, 0] 
Round 40, selected: [69, 53, 20, 43, 47, 72, 35, 75, 11, 54] 
Round 41, selected: [79, 76, 5, 34, 30, 16, 2, 78, 77, 21] 
Round 42, selected: [60, 50, 34, 9, 64, 58, 81, 0, 68, 80] 
Round 43, selected: [48, 61, 43, 27, 10, 93, 32, 42, 26, 28] 
Round 44, selected: [75, 25, 15, 14, 31, 48, 94, 44, 96, 88] 
Round 45, selected: [10, 17, 78, 90, 25, 38, 67, 71, 79, 12] 
Round 46, selected: [70, 1, 53, 98, 44, 49, 78, 31, 81, 74] 
Round 47, selected: [39, 42, 5, 83, 2, 31, 12, 23, 33, 18] 
Round 48, selected: [97, 57, 73, 42, 51, 1, 38, 44, 87, 22] 
Round 49, selected: [93, 27, 13, 0, 46, 86, 88, 19, 52, 36] 
Round 50, selected: [49, 2, 89, 22, 38, 75, 50, 67, 44, 92] 
Round 51, selected: [41, 76, 12, 98, 95, 22, 51, 70, 37, 17] 
Round 52, selected: [60, 23, 67, 74, 10, 5, 90, 36, 21, 41] 
Round 53, selected: [26, 15, 94, 14, 4, 73, 67, 12, 43, 70] 
Round 54, selected: [54, 77, 92, 11, 19, 72, 13, 25, 30, 16] 
Round 55, selected: [68, 95, 7, 75, 83, 94, 49, 71, 20, 34] 
Round 56, selected: [35, 33, 7, 66, 53, 91, 61, 18, 39, 88] 
Round 57, selected: [14, 65, 56, 72, 42, 38, 36, 91, 18, 71] 
Round 58, selected: [15, 51, 31, 57, 26, 47, 33, 32, 63, 46] 
Round 59, selected: [94, 37, 64, 10, 88, 34, 21, 2, 89, 16] 
Round 60, selected: [5, 40, 32, 86, 14, 28, 51, 80, 88, 21] 
Selected 100 different clients
