Client selection history
Round 1, selected: [7, 88, 91, 58, 61, 10, 89, 17, 5, 65] 
Round 2, selected: [4, 34, 50, 99, 62, 87, 94, 26, 95, 6] 
Round 3, selected: [67, 91, 8, 27, 90, 53, 95, 52, 2, 29] 
Round 4, selected: [36, 94, 70, 62, 9, 30, 47, 65, 95, 10] 
Round 5, selected: [4, 54, 17, 30, 31, 58, 29, 0, 53, 38] 
Round 6, selected: [21, 83, 88, 90, 91, 0, 40, 53, 71, 81] 
Round 7, selected: [1, 97, 22, 62, 32, 53, 94, 48, 93, 33] 
Round 8, selected: [24, 27, 39, 76, 91, 32, 50, 41, 74, 31] 
Round 9, selected: [66, 59, 22, 93, 51, 64, 77, 45, 11, 15] 
Round 10, selected: [45, 39, 56, 70, 71, 32, 37, 94, 35, 25] 
Round 11, selected: [24, 22, 83, 30, 10, 52, 71, 48, 4, 14] 
Round 12, selected: [74, 62, 48, 58, 37, 27, 53, 30, 99, 3] 
Round 13, selected: [78, 7, 34, 89, 90, 5, 71, 94, 63, 14] 
Round 14, selected: [59, 79, 10, 91, 90, 0, 36, 53, 50, 56] 
Round 15, selected: [92, 27, 79, 14, 30, 36, 60, 76, 42, 77] 
Round 16, selected: [24, 12, 50, 70, 81, 20, 0, 26, 93, 58] 
Round 17, selected: [74, 79, 35, 49, 32, 81, 40, 85, 83, 92] 
Round 18, selected: [21, 95, 44, 76, 70, 71, 90, 56, 99, 53] 
Round 19, selected: [24, 22, 35, 30, 93, 94, 76, 51, 65, 41] 
Round 20, selected: [60, 62, 20, 65, 91, 27, 21, 89, 94, 81] 
Round 21, selected: [21, 10, 82, 30, 53, 86, 95, 32, 88, 38] 
Round 22, selected: [24, 91, 82, 56, 70, 30, 62, 0, 13, 18] 
Round 23, selected: [24, 39, 76, 74, 59, 89, 60, 66, 10, 14] 
Round 24, selected: [31, 62, 19, 60, 74, 0, 27, 65, 85, 75] 
Round 25, selected: [45, 10, 34, 62, 20, 90, 0, 13, 50, 77] 
Round 26, selected: [59, 54, 83, 70, 20, 60, 61, 10, 72, 56] 
Round 27, selected: [74, 48, 63, 10, 26, 96, 17, 52, 6, 23] 
Round 28, selected: [84, 83, 12, 70, 97, 71, 32, 53, 94, 74] 
Round 29, selected: [24, 10, 27, 9, 66, 91, 67, 0, 50, 60] 
Round 30, selected: [97, 26, 30, 20, 61, 93, 66, 6, 90, 86] 
Round 31, selected: [21, 56, 79, 62, 41, 42, 46, 35, 69, 89] 
Round 32, selected: [41, 60, 39, 27, 91, 67, 20, 93, 14, 43] 
Round 33, selected: [49, 34, 56, 66, 30, 29, 11, 50, 47, 5] 
Round 34, selected: [55, 12, 50, 97, 90, 29, 0, 78, 94, 2] 
Round 35, selected: [36, 83, 9, 52, 65, 90, 89, 13, 25, 46] 
Round 36, selected: [57, 86, 58, 20, 30, 93, 74, 60, 87, 16] 
Round 37, selected: [45, 48, 89, 60, 91, 1, 40, 33, 78, 29] 
Round 38, selected: [73, 32, 9, 74, 30, 95, 44, 76, 40, 52] 
Round 39, selected: [36, 12, 83, 49, 32, 86, 53, 44, 94, 71] 
Round 40, selected: [57, 22, 70, 53, 61, 0, 71, 85, 46, 40] 
Round 41, selected: [24, 48, 56, 46, 90, 44, 0, 41, 4, 20] 
Round 42, selected: [3, 39, 27, 93, 69, 0, 58, 61, 96, 2] 
Round 43, selected: [97, 22, 30, 70, 71, 1, 2, 52, 51, 40] 
Round 44, selected: [59, 77, 94, 70, 79, 7, 32, 26, 53, 61] 
Round 45, selected: [74, 77, 37, 90, 54, 13, 69, 46, 84, 33] 
Round 46, selected: [36, 9, 31, 89, 20, 83, 77, 54, 29, 92] 
Round 47, selected: [96, 3, 48, 50, 25, 92, 22, 17, 20, 40] 
Round 48, selected: [75, 34, 89, 6, 20, 30, 26, 81, 15, 44] 
Round 49, selected: [80, 34, 76, 23, 90, 68, 85, 25, 6, 83] 
Round 50, selected: [97, 89, 96, 27, 55, 30, 68, 46, 52, 17] 
Round 51, selected: [24, 60, 26, 94, 44, 10, 65, 56, 18, 13] 
Round 52, selected: [15, 52, 34, 27, 36, 88, 17, 92, 30, 32] 
Round 53, selected: [21, 32, 79, 7, 30, 88, 85, 95, 92, 84] 
Round 54, selected: [67, 39, 56, 90, 61, 88, 32, 60, 25, 9] 
Round 55, selected: [24, 10, 34, 83, 91, 77, 90, 39, 13, 52] 
Round 56, selected: [92, 12, 56, 62, 48, 30, 60, 86, 0, 23] 
Round 57, selected: [24, 34, 81, 67, 20, 0, 93, 18, 52, 16] 
Round 58, selected: [45, 56, 18, 44, 64, 10, 40, 23, 0, 71] 
Round 59, selected: [26, 89, 57, 34, 27, 70, 13, 85, 11, 0] 
Round 60, selected: [59, 32, 34, 27, 20, 53, 36, 10, 86, 50] 
Selected 98 different clients
