Client selection history
Round 0, selected: [451, 66, 388, 313, 487, 495, 271, 379, 332, 455] 
Round 1, selected: [370, 77, 387, 221, 111, 299, 453, 413, 436, 340] 
Round 2, selected: [486, 147, 262, 405, 465, 408, 383, 425, 254, 258] 
Round 3, selected: [130, 123, 82, 172, 488, 416, 34, 469, 169, 350] 
Round 4, selected: [17, 84, 356, 481, 361, 368, 291, 187, 101, 309] 
Round 5, selected: [86, 216, 159, 240, 392, 140, 395, 400, 245, 42] 
Round 6, selected: [445, 114, 16, 137, 496, 480, 192, 6, 26, 294] 
Round 7, selected: [156, 263, 300, 167, 191, 181, 151, 349, 466, 291] 
Round 8, selected: [409, 182, 218, 183, 233, 150, 351, 143, 100, 394] 
Round 9, selected: [298, 434, 21, 442, 52, 355, 398, 104, 307, 144] 
Round 10, selected: [91, 81, 200, 96, 471, 32, 145, 90, 239, 102] 
Round 11, selected: [18, 154, 446, 400, 5, 421, 25, 275, 312, 92] 
Round 12, selected: [475, 452, 347, 382, 200, 324, 289, 19, 420, 485] 
Round 13, selected: [296, 23, 228, 184, 193, 283, 463, 259, 371, 393] 
Round 14, selected: [139, 246, 220, 253, 456, 132, 168, 465, 439, 141] 
Round 15, selected: [134, 69, 94, 352, 105, 167, 447, 389, 369, 152] 
Round 16, selected: [242, 360, 356, 93, 372, 71, 316, 75, 180, 293] 
Round 17, selected: [219, 476, 418, 411, 426, 343, 205, 244, 235, 286] 
Round 18, selected: [276, 50, 206, 303, 284, 339, 164, 79, 278, 448] 
Round 19, selected: [286, 35, 157, 478, 162, 407, 272, 236, 160, 142] 
Round 20, selected: [404, 37, 462, 116, 165, 72, 68, 328, 217, 256] 
Round 21, selected: [99, 288, 146, 234, 27, 317, 80, 265, 318, 280] 
Round 22, selected: [48, 127, 397, 31, 498, 358, 230, 433, 36, 57] 
Round 23, selected: [359, 41, 346, 326, 323, 260, 88, 124, 494, 10] 
Round 24, selected: [336, 282, 108, 203, 432, 491, 13, 226, 406, 290] 
Round 25, selected: [113, 63, 67, 308, 158, 417, 419, 344, 378, 454] 
Round 26, selected: [336, 252, 152, 177, 176, 269, 464, 365, 457, 112] 
Round 27, selected: [3, 362, 98, 92, 460, 279, 207, 314, 438, 58] 
Round 28, selected: [241, 414, 255, 114, 268, 252, 64, 304, 2, 337] 
Round 29, selected: [377, 95, 204, 179, 497, 138, 362, 310, 406, 73] 
Selected 286 different clients
