Client selection history
Round 0, selected: [242, 343, 409, 451, 66, 388, 115, 372, 48, 313] 
Round 1, selected: [240, 432, 82, 246, 124, 84, 463, 487, 371, 369] 
Round 2, selected: [445, 336, 237, 423, 156, 239, 159, 164, 15, 261] 
Round 3, selected: [345, 399, 183, 330, 355, 92, 25, 326, 297, 401] 
Round 4, selected: [91, 308, 16, 24, 147, 450, 198, 23, 434, 180] 
Round 5, selected: [440, 92, 328, 252, 137, 439, 248, 111, 150, 347] 
Round 6, selected: [360, 486, 276, 295, 301, 182, 177, 472, 319, 99] 
Round 7, selected: [245, 340, 160, 40, 337, 234, 400, 447, 278, 105] 
Round 8, selected: [45, 356, 51, 89, 177, 57, 238, 497, 200, 218] 
Round 9, selected: [21, 69, 253, 17, 411, 402, 311, 201, 257, 81] 
Round 10, selected: [98, 486, 220, 449, 462, 195, 307, 215, 383, 132] 
Round 11, selected: [206, 176, 147, 284, 382, 75, 404, 214, 359, 122] 
Round 12, selected: [414, 452, 2, 483, 37, 310, 427, 481, 109, 275] 
Round 13, selected: [203, 35, 139, 452, 230, 456, 71, 113, 70, 31] 
Round 14, selected: [95, 445, 340, 358, 10, 17, 491, 461, 465, 330] 
Round 15, selected: [15, 127, 296, 317, 200, 75, 63, 433, 202, 68] 
Round 16, selected: [276, 114, 50, 167, 160, 100, 41, 72, 337, 460] 
Round 17, selected: [360, 88, 126, 490, 451, 303, 208, 333, 197, 334] 
Round 18, selected: [414, 45, 295, 247, 176, 24, 432, 137, 215, 405] 
Round 19, selected: [91, 51, 399, 105, 311, 168, 41, 307, 372, 407] 
Round 20, selected: [336, 322, 248, 102, 341, 199, 116, 154, 20, 7] 
Round 21, selected: [247, 214, 415, 396, 443, 76, 283, 242, 486, 259] 
Round 22, selected: [350, 281, 127, 221, 315, 382, 100, 234, 310, 268] 
Round 23, selected: [61, 206, 477, 229, 397, 437, 389, 393, 145, 154] 
Round 24, selected: [314, 308, 293, 84, 294, 99, 195, 42, 152, 107] 
Round 25, selected: [301, 296, 462, 400, 317, 192, 113, 155, 172, 273] 
Round 26, selected: [266, 243, 173, 159, 106, 419, 197, 456, 189, 217] 
Round 27, selected: [48, 285, 405, 466, 93, 283, 427, 122, 262, 47] 
Round 28, selected: [241, 194, 447, 208, 437, 167, 355, 252, 361, 483] 
Round 29, selected: [314, 484, 336, 50, 49, 229, 452, 397, 326, 391] 
Selected 222 different clients
