Client selection history
Round 1, selected: [86, 83, 3, 1, 28, 49, 13, 46, 5, 53] 
Round 2, selected: [24, 9, 45, 57, 63, 55, 65, 31, 12, 83] 
Round 3, selected: [24, 97, 71, 70, 85, 54, 11, 4, 79, 19] 
Round 4, selected: [41, 16, 28, 42, 12, 43, 47, 88, 70, 95] 
Round 5, selected: [45, 68, 65, 63, 53, 80, 39, 75, 8, 25] 
Round 6, selected: [84, 13, 14, 28, 76, 45, 68, 1, 97, 88] 
Round 7, selected: [41, 16, 26, 47, 51, 97, 14, 66, 56, 10] 
Round 8, selected: [57, 78, 48, 81, 68, 83, 19, 99, 51, 42] 
Round 9, selected: [52, 16, 70, 82, 68, 86, 49, 96, 47, 56] 
Round 10, selected: [75, 90, 25, 16, 42, 84, 46, 64, 59, 99] 
Round 11, selected: [6, 80, 86, 66, 9, 57, 28, 49, 59, 51] 
Round 12, selected: [75, 26, 71, 88, 53, 97, 18, 13, 10, 86] 
Round 13, selected: [41, 78, 52, 43, 71, 65, 50, 68, 63, 21] 
Round 14, selected: [55, 11, 24, 26, 54, 74, 95, 28, 51, 47] 
Round 15, selected: [41, 55, 12, 76, 68, 9, 84, 21, 73, 14] 
Round 16, selected: [80, 40, 26, 88, 48, 46, 73, 76, 30, 22] 
Round 17, selected: [99, 12, 97, 13, 8, 16, 50, 5, 81, 39] 
Round 18, selected: [6, 43, 39, 0, 73, 48, 80, 85, 46, 2] 
Round 19, selected: [35, 10, 26, 82, 25, 72, 57, 96, 0, 38] 
Round 20, selected: [45, 81, 55, 15, 3, 51, 35, 70, 24, 28] 
Round 21, selected: [99, 6, 52, 11, 23, 20, 24, 19, 10, 96] 
Round 22, selected: [6, 11, 42, 43, 12, 16, 4, 83, 48, 54] 
Round 23, selected: [99, 31, 79, 97, 12, 3, 16, 90, 65, 56] 
Round 24, selected: [99, 23, 20, 31, 93, 4, 91, 54, 74, 34] 
Round 25, selected: [6, 11, 81, 9, 20, 43, 79, 95, 15, 0] 
Round 26, selected: [78, 1, 42, 23, 80, 13, 97, 19, 18, 70] 
Round 27, selected: [41, 6, 52, 46, 20, 80, 71, 30, 86, 94] 
Round 28, selected: [41, 50, 63, 5, 52, 12, 49, 3, 18, 64] 
Round 29, selected: [1, 5, 9, 48, 40, 22, 91, 71, 69, 72] 
Round 30, selected: [75, 50, 81, 23, 1, 84, 48, 59, 3, 22] 
Round 31, selected: [99, 78, 81, 52, 8, 80, 90, 84, 0, 45] 
Round 32, selected: [11, 66, 9, 20, 84, 46, 88, 91, 68, 60] 
Round 33, selected: [78, 6, 51, 5, 1, 43, 12, 31, 14, 54] 
Round 34, selected: [11, 66, 51, 16, 1, 43, 97, 14, 55, 15] 
Round 35, selected: [99, 63, 75, 51, 8, 66, 95, 9, 59, 40] 
Round 36, selected: [78, 23, 13, 22, 49, 1, 83, 45, 54, 85] 
Round 37, selected: [99, 50, 75, 81, 21, 23, 80, 84, 24, 3] 
Round 38, selected: [6, 42, 43, 20, 79, 66, 53, 25, 90, 83] 
Round 39, selected: [50, 42, 5, 16, 12, 18, 30, 53, 7, 20] 
Round 40, selected: [9, 31, 0, 23, 25, 26, 94, 86, 85, 69] 
Round 41, selected: [41, 63, 81, 79, 21, 8, 46, 90, 47, 65] 
Round 42, selected: [11, 51, 75, 4, 30, 19, 9, 74, 43, 53] 
Round 43, selected: [50, 6, 52, 5, 51, 35, 16, 91, 12, 22] 
Round 44, selected: [13, 81, 21, 79, 97, 8, 49, 95, 56, 3] 
Round 45, selected: [63, 78, 13, 1, 51, 24, 0, 71, 70, 56] 
Round 46, selected: [77, 99, 75, 93, 80, 52, 48, 15, 74, 82] 
Round 47, selected: [99, 13, 20, 34, 19, 43, 7, 68, 28, 57] 
Round 48, selected: [50, 21, 80, 0, 65, 74, 84, 30, 54, 25] 
Round 49, selected: [41, 81, 46, 13, 79, 14, 97, 34, 91, 48] 
Round 50, selected: [50, 9, 80, 0, 79, 64, 12, 54, 83, 30] 
Round 51, selected: [99, 52, 78, 81, 5, 8, 43, 55, 79, 64] 
Round 52, selected: [41, 50, 66, 23, 46, 14, 40, 0, 91, 16] 
Round 53, selected: [41, 66, 93, 80, 8, 1, 68, 0, 28, 67] 
Round 54, selected: [50, 81, 51, 4, 52, 9, 59, 43, 65, 40] 
Round 55, selected: [6, 5, 51, 93, 74, 4, 84, 70, 9, 82] 
Round 56, selected: [41, 77, 99, 66, 80, 95, 49, 35, 59, 55] 
Round 57, selected: [11, 93, 12, 90, 46, 4, 49, 25, 66, 94] 
Round 58, selected: [79, 52, 43, 48, 47, 19, 18, 3, 86, 10] 
Round 59, selected: [50, 63, 93, 34, 16, 71, 80, 64, 0, 91] 
Round 60, selected: [41, 11, 42, 31, 66, 20, 19, 52, 8, 93] 
Selected 85 different clients
