Client selection history
Round 1, selected: [1, 13, 32, 3, 38, 83, 53, 61, 92, 78] 
Round 2, selected: [12, 57, 45, 51, 18, 90, 37, 59, 20, 9] 
Round 3, selected: [36, 51, 20, 17, 64, 21, 53, 68, 19, 94] 
Round 4, selected: [63, 72, 42, 47, 89, 96, 61, 27, 98, 43] 
Round 5, selected: [47, 49, 10, 58, 4, 88, 42, 81, 17, 13] 
Round 6, selected: [11, 44, 3, 25, 74, 30, 78, 86, 41, 2] 
Round 7, selected: [7, 23, 72, 41, 71, 31, 78, 19, 8, 5] 
Round 8, selected: [38, 32, 33, 59, 23, 56, 0, 72, 60, 75] 
Round 9, selected: [14, 25, 82, 68, 1, 64, 81, 11, 66, 12] 
Round 10, selected: [97, 9, 53, 51, 58, 20, 61, 0, 65, 38] 
Round 11, selected: [46, 33, 50, 84, 35, 73, 96, 77, 92, 21] 
Round 12, selected: [21, 95, 31, 86, 46, 99, 50, 77, 22, 89] 
Round 13, selected: [46, 44, 33, 71, 11, 92, 95, 96, 43, 25] 
Round 14, selected: [6, 25, 56, 58, 14, 21, 84, 9, 76, 12] 
Round 15, selected: [72, 95, 4, 51, 89, 59, 22, 87, 26, 58] 
Round 16, selected: [30, 88, 9, 84, 61, 12, 68, 94, 13, 41] 
Round 17, selected: [85, 48, 92, 43, 13, 66, 33, 29, 19, 0] 
Round 18, selected: [85, 25, 62, 32, 13, 10, 3, 94, 4, 14] 
Round 19, selected: [96, 60, 48, 66, 57, 61, 78, 92, 82, 22] 
Round 20, selected: [16, 28, 48, 86, 66, 33, 10, 63, 3, 68] 
Round 21, selected: [83, 71, 6, 94, 10, 87, 62, 28, 82, 55] 
Round 22, selected: [81, 53, 3, 18, 84, 11, 59, 79, 73, 34] 
Round 23, selected: [33, 30, 4, 19, 56, 92, 45, 61, 95, 93] 
Round 24, selected: [89, 27, 74, 86, 59, 26, 80, 1, 93, 41] 
Round 25, selected: [12, 44, 64, 93, 57, 65, 23, 72, 6, 59] 
Round 26, selected: [37, 2, 39, 46, 12, 92, 77, 66, 26, 5] 
Round 27, selected: [57, 22, 10, 91, 58, 94, 71, 9, 77, 43] 
Round 28, selected: [15, 24, 48, 42, 2, 63, 88, 98, 97, 55] 
Round 29, selected: [6, 64, 48, 97, 84, 1, 96, 45, 49, 40] 
Round 30, selected: [52, 64, 92, 58, 46, 68, 98, 9, 49, 30] 
Round 31, selected: [27, 29, 8, 52, 44, 76, 4, 49, 98, 71] 
Round 32, selected: [34, 0, 26, 6, 68, 2, 25, 12, 91, 63] 
Round 33, selected: [32, 77, 50, 68, 82, 63, 97, 69, 94, 35] 
Round 34, selected: [99, 28, 72, 50, 81, 48, 92, 68, 22, 3] 
Round 35, selected: [55, 40, 65, 71, 25, 62, 45, 98, 53, 88] 
Round 36, selected: [42, 12, 5, 37, 7, 17, 45, 97, 36, 50] 
Round 37, selected: [57, 40, 58, 18, 68, 48, 23, 54, 7, 95] 
Round 38, selected: [98, 85, 31, 82, 25, 67, 83, 27, 97, 29] 
Round 39, selected: [71, 59, 83, 15, 61, 79, 56, 30, 9, 26] 
Round 40, selected: [49, 22, 62, 86, 6, 23, 70, 71, 78, 76] 
Round 41, selected: [51, 92, 56, 7, 3, 27, 14, 18, 66, 62] 
Round 42, selected: [24, 18, 1, 60, 49, 42, 13, 10, 26, 35] 
Round 43, selected: [4, 6, 34, 94, 15, 87, 48, 57, 51, 1] 
Round 44, selected: [78, 95, 48, 32, 20, 28, 51, 24, 16, 99] 
Round 45, selected: [69, 15, 87, 5, 41, 56, 53, 79, 57, 64] 
Round 46, selected: [41, 49, 87, 0, 11, 58, 56, 7, 71, 6] 
Round 47, selected: [75, 91, 70, 44, 0, 71, 23, 14, 8, 85] 
Round 48, selected: [46, 80, 45, 2, 65, 11, 52, 34, 54, 73] 
Round 49, selected: [98, 75, 80, 79, 24, 6, 8, 1, 0, 51] 
Round 50, selected: [59, 72, 42, 81, 78, 43, 49, 20, 52, 33] 
Round 51, selected: [51, 40, 89, 98, 39, 70, 5, 96, 7, 84] 
Round 52, selected: [90, 80, 45, 51, 12, 9, 36, 7, 69, 15] 
Round 53, selected: [66, 62, 6, 48, 82, 58, 49, 85, 94, 92] 
Round 54, selected: [31, 19, 39, 99, 85, 8, 40, 44, 22, 86] 
Round 55, selected: [97, 48, 57, 98, 17, 40, 75, 21, 34, 0] 
Round 56, selected: [31, 52, 72, 32, 34, 7, 93, 75, 89, 15] 
Round 57, selected: [76, 46, 70, 16, 2, 72, 52, 37, 49, 13] 
Round 58, selected: [85, 47, 64, 90, 39, 52, 42, 37, 86, 72] 
Round 59, selected: [94, 35, 25, 26, 83, 42, 73, 34, 81, 14] 
Round 60, selected: [32, 67, 82, 57, 89, 44, 40, 37, 20, 27] 
Selected 100 different clients
