Client selection history
Round 1, selected: [61, 46, 92, 38, 66, 58, 32, 1, 5, 3] 
Round 2, selected: [20, 60, 10, 63, 18, 24, 12, 22, 33, 9] 
Round 3, selected: [44, 97, 79, 27, 89, 70, 58, 15, 61, 85] 
Round 4, selected: [72, 28, 88, 69, 30, 95, 12, 47, 43, 16] 
Round 5, selected: [87, 44, 80, 4, 25, 45, 68, 75, 65, 13] 
Round 6, selected: [14, 84, 1, 30, 27, 2, 40, 88, 28, 45] 
Round 7, selected: [66, 97, 42, 16, 56, 18, 10, 8, 96, 47] 
Round 8, selected: [83, 19, 58, 79, 81, 51, 57, 78, 48, 18] 
Round 9, selected: [52, 96, 47, 16, 82, 42, 70, 86, 33, 91] 
Round 10, selected: [25, 64, 89, 67, 90, 68, 75, 21, 46, 27] 
Round 11, selected: [32, 10, 77, 30, 28, 59, 66, 91, 9, 51] 
Round 12, selected: [58, 18, 75, 80, 91, 95, 97, 13, 88, 71] 
Round 13, selected: [43, 94, 41, 68, 90, 71, 9, 51, 52, 21] 
Round 14, selected: [29, 67, 95, 19, 47, 11, 86, 56, 54, 21] 
Round 15, selected: [21, 41, 68, 12, 55, 76, 2, 56, 98, 25] 
Round 16, selected: [69, 88, 36, 40, 48, 67, 58, 80, 46, 73] 
Round 17, selected: [98, 74, 14, 5, 12, 64, 61, 8, 99, 16] 
Round 18, selected: [27, 85, 36, 13, 60, 46, 48, 0, 59, 73] 
Round 19, selected: [96, 17, 38, 36, 61, 57, 8, 25, 35, 72] 
Round 20, selected: [62, 58, 26, 81, 24, 20, 28, 45, 48, 55] 
Round 21, selected: [96, 99, 70, 87, 19, 24, 34, 52, 61, 74] 
Round 22, selected: [32, 36, 4, 72, 54, 26, 12, 6, 19, 89] 
Round 23, selected: [94, 47, 76, 56, 99, 28, 16, 79, 3, 83] 
Round 24, selected: [32, 4, 10, 69, 54, 93, 92, 97, 23, 99] 
Round 25, selected: [15, 94, 89, 60, 20, 59, 88, 57, 43, 69] 
Round 26, selected: [26, 70, 1, 92, 97, 42, 19, 45, 80, 78] 
Round 27, selected: [72, 20, 86, 41, 6, 52, 76, 94, 26, 57] 
Round 28, selected: [89, 18, 36, 2, 62, 56, 12, 3, 5, 52] 
Round 29, selected: [72, 87, 62, 40, 1, 22, 9, 91, 70, 67] 
Round 30, selected: [33, 2, 3, 75, 48, 96, 64, 67, 10, 59] 
Round 31, selected: [84, 99, 70, 52, 17, 25, 0, 78, 58, 26] 
Round 32, selected: [60, 20, 72, 88, 33, 10, 2, 55, 66, 98] 
Round 33, selected: [37, 17, 85, 71, 14, 12, 84, 54, 5, 43] 
Round 34, selected: [72, 61, 51, 15, 87, 44, 66, 16, 38, 97] 
Round 35, selected: [69, 9, 26, 8, 73, 57, 59, 40, 27, 48] 
Round 36, selected: [2, 22, 17, 1, 89, 49, 61, 45, 78, 35] 
Round 37, selected: [72, 96, 54, 28, 84, 24, 23, 21, 99, 81] 
Round 38, selected: [37, 44, 17, 53, 25, 6, 83, 79, 76, 90] 
Round 39, selected: [96, 18, 62, 39, 30, 16, 33, 42, 2, 7] 
Round 40, selected: [89, 85, 25, 9, 44, 26, 58, 61, 94, 76] 
Round 41, selected: [39, 92, 8, 21, 47, 65, 63, 40, 3, 79] 
Round 42, selected: [62, 4, 33, 30, 98, 56, 9, 74, 19, 28] 
Round 43, selected: [59, 86, 22, 65, 70, 19, 91, 50, 89, 40] 
Round 44, selected: [33, 62, 56, 21, 18, 13, 8, 82, 94, 3] 
Round 45, selected: [70, 1, 67, 17, 63, 71, 33, 7, 51, 73] 
Round 46, selected: [36, 82, 67, 73, 15, 85, 99, 77, 93, 75] 
Round 47, selected: [20, 13, 7, 28, 34, 32, 71, 43, 61, 99] 
Round 48, selected: [89, 85, 84, 25, 54, 0, 39, 65, 26, 57] 
Round 49, selected: [33, 92, 10, 13, 34, 14, 71, 41, 81, 62] 
Round 50, selected: [39, 7, 50, 86, 96, 37, 80, 89, 85, 64] 
Round 51, selected: [0, 92, 78, 55, 43, 52, 34, 8, 64, 5] 
Round 52, selected: [10, 14, 66, 91, 85, 0, 40, 46, 50, 41] 
Round 53, selected: [92, 80, 93, 67, 66, 28, 61, 39, 8, 60] 
Round 54, selected: [32, 4, 36, 18, 9, 10, 65, 84, 52, 83] 
Round 55, selected: [98, 96, 39, 93, 51, 74, 70, 84, 89, 7] 
Round 56, selected: [73, 59, 82, 0, 95, 41, 55, 89, 77, 49] 
Round 57, selected: [36, 96, 61, 94, 93, 64, 12, 59, 49, 90] 
Round 58, selected: [10, 37, 19, 73, 33, 52, 96, 92, 47, 86] 
Round 59, selected: [61, 34, 64, 63, 71, 0, 50, 16, 29, 96] 
Round 60, selected: [37, 62, 19, 89, 59, 20, 38, 18, 8, 66] 
Selected 99 different clients
