Client selection history
Round 1, selected: [80, 97, 37, 11, 74, 85, 87, 96, 25, 36] 
Round 2, selected: [37, 18, 85, 23, 44, 7, 19, 22, 24, 65] 
Round 3, selected: [4, 39, 34, 7, 6, 9, 65, 17, 20, 68] 
Round 4, selected: [17, 85, 57, 92, 23, 56, 79, 60, 11, 95] 
Round 5, selected: [23, 95, 37, 76, 99, 6, 55, 69, 88, 96] 
Round 6, selected: [64, 27, 48, 11, 84, 97, 96, 80, 47, 62] 
Round 7, selected: [97, 54, 82, 10, 99, 52, 81, 61, 68, 19] 
Round 8, selected: [97, 54, 98, 57, 61, 67, 63, 88, 40, 38] 
Round 9, selected: [64, 38, 95, 76, 5, 13, 60, 20, 32, 3] 
Round 10, selected: [57, 11, 20, 60, 18, 24, 46, 17, 45, 31] 
Round 11, selected: [54, 18, 97, 61, 27, 4, 70, 19, 41, 79] 
Round 12, selected: [70, 61, 79, 88, 42, 19, 12, 30, 41, 28] 
Round 13, selected: [61, 96, 17, 45, 34, 39, 25, 44, 53, 22] 
Round 14, selected: [97, 41, 40, 30, 13, 28, 14, 76, 66, 1] 
Round 15, selected: [97, 18, 1, 41, 11, 96, 56, 77, 26, 51] 
Round 16, selected: [18, 13, 98, 83, 78, 19, 40, 58, 81, 68] 
Round 17, selected: [70, 81, 33, 56, 27, 47, 29, 86, 44, 49] 
Round 18, selected: [27, 64, 46, 99, 67, 75, 66, 90, 59, 91] 
Round 19, selected: [56, 66, 59, 10, 77, 28, 58, 30, 94, 9] 
Round 20, selected: [18, 58, 13, 59, 91, 26, 95, 53, 88, 71] 
Round 21, selected: [46, 9, 71, 68, 78, 51, 20, 63, 22, 21] 
Round 22, selected: [19, 51, 28, 77, 11, 54, 24, 21, 33, 74] 
Round 23, selected: [58, 11, 9, 68, 98, 39, 14, 21, 55, 2] 
Round 24, selected: [58, 94, 40, 30, 33, 25, 4, 36, 48, 92] 
Round 25, selected: [64, 98, 11, 26, 39, 81, 74, 75, 50, 5] 
Round 26, selected: [13, 27, 39, 48, 17, 43, 60, 85, 6, 73] 
Round 27, selected: [27, 17, 10, 67, 57, 82, 89, 32, 37, 8] 
Round 28, selected: [58, 17, 33, 51, 70, 24, 86, 55, 92, 3] 
Round 29, selected: [58, 10, 91, 61, 46, 34, 83, 52, 87, 6] 
Round 30, selected: [46, 83, 54, 19, 67, 4, 32, 89, 42, 16] 
Round 31, selected: [10, 67, 28, 54, 94, 76, 3, 90, 65, 35] 
Round 32, selected: [10, 94, 54, 4, 32, 34, 99, 20, 93, 69] 
Round 33, selected: [94, 59, 11, 89, 88, 43, 69, 6, 15, 73] 
Round 34, selected: [19, 26, 97, 92, 76, 70, 72, 78, 1, 47] 
Round 35, selected: [97, 94, 76, 33, 6, 86, 41, 71, 44, 12] 
Round 36, selected: [64, 41, 71, 18, 68, 52, 15, 63, 2, 62] 
Round 37, selected: [94, 91, 67, 92, 70, 72, 12, 29, 48, 22] 
Round 38, selected: [67, 59, 64, 17, 33, 96, 22, 2, 75, 84] 
Round 39, selected: [64, 17, 26, 52, 99, 25, 57, 90, 45, 80] 
Round 40, selected: [64, 10, 91, 46, 71, 68, 88, 72, 84, 55] 
Round 41, selected: [71, 88, 54, 12, 1, 39, 14, 73, 5, 35] 
Round 42, selected: [72, 11, 61, 1, 44, 48, 29, 2, 36, 16] 
Round 43, selected: [59, 66, 99, 27, 9, 69, 34, 75, 73, 95] 
Round 44, selected: [91, 26, 54, 1, 61, 89, 22, 78, 85, 23] 
Round 45, selected: [68, 72, 28, 92, 48, 96, 81, 3, 23, 87] 
Round 46, selected: [58, 66, 44, 76, 6, 18, 53, 62, 42, 37] 
Round 47, selected: [18, 33, 61, 42, 53, 45, 12, 16, 20, 50] 
Round 48, selected: [26, 59, 18, 12, 25, 44, 69, 85, 23, 31] 
Round 49, selected: [91, 41, 76, 92, 46, 40, 63, 90, 79, 47] 
Round 50, selected: [58, 28, 33, 90, 53, 9, 43, 98, 57, 87] 
Round 51, selected: [91, 19, 70, 40, 6, 32, 22, 86, 82, 35] 
Round 52, selected: [94, 33, 18, 13, 56, 57, 82, 95, 49, 8] 
Round 53, selected: [33, 18, 71, 70, 1, 78, 63, 73, 3, 7] 
Round 54, selected: [91, 67, 56, 48, 77, 75, 82, 36, 15, 74] 
Round 55, selected: [67, 94, 13, 19, 68, 57, 44, 29, 85, 38] 
Round 56, selected: [59, 88, 57, 70, 53, 30, 84, 21, 74, 80] 
Round 57, selected: [91, 70, 33, 13, 46, 92, 57, 34, 24, 62] 
Round 58, selected: [64, 12, 9, 96, 83, 45, 86, 38, 37, 7] 
Round 59, selected: [64, 57, 83, 45, 78, 29, 55, 38, 5, 8] 
Round 60, selected: [91, 94, 71, 56, 41, 34, 40, 85, 14, 50] 
Selected 99 different clients
