Client selection history
Round 1, selected: [96, 25, 59, 69, 43, 50, 44, 79, 48, 80] 
Round 2, selected: [4, 94, 84, 91, 51, 10, 98, 65, 22, 9] 
Round 3, selected: [95, 15, 59, 9, 62, 17, 92, 8, 80, 1] 
Round 4, selected: [1, 60, 89, 97, 55, 87, 6, 37, 69, 95] 
Round 5, selected: [6, 40, 22, 0, 34, 46, 11, 17, 74, 1] 
Round 6, selected: [20, 48, 46, 72, 47, 91, 24, 94, 95, 73] 
Round 7, selected: [27, 30, 58, 71, 87, 38, 97, 31, 75, 39] 
Round 8, selected: [12, 81, 74, 91, 22, 11, 49, 61, 42, 59] 
Round 9, selected: [42, 23, 0, 75, 22, 6, 11, 80, 66, 77] 
Round 10, selected: [6, 5, 29, 33, 34, 65, 17, 60, 52, 0] 
Round 11, selected: [23, 40, 7, 24, 95, 74, 92, 99, 87, 64] 
Round 12, selected: [59, 43, 34, 67, 41, 25, 54, 17, 18, 20] 
Round 13, selected: [57, 92, 54, 65, 20, 30, 2, 95, 51, 24] 
Round 14, selected: [78, 51, 91, 84, 43, 57, 0, 81, 31, 35] 
Round 15, selected: [3, 80, 73, 76, 56, 7, 8, 46, 39, 70] 
Round 16, selected: [35, 11, 87, 79, 12, 34, 89, 65, 2, 55] 
Round 17, selected: [6, 78, 16, 87, 28, 54, 75, 20, 96, 71] 
Round 18, selected: [27, 67, 34, 44, 14, 92, 10, 81, 23, 0] 
Round 19, selected: [67, 29, 33, 71, 1, 37, 0, 62, 42, 83] 
Round 20, selected: [0, 40, 61, 23, 12, 34, 74, 84, 4, 22] 
Round 21, selected: [24, 99, 78, 85, 22, 93, 53, 88, 92, 14] 
Round 22, selected: [2, 59, 48, 1, 51, 90, 71, 74, 72, 8] 
Round 23, selected: [2, 33, 72, 51, 83, 99, 39, 40, 28, 56] 
Round 24, selected: [59, 24, 74, 22, 66, 44, 38, 93, 9, 10] 
Round 25, selected: [59, 22, 94, 93, 16, 83, 46, 17, 67, 35] 
Round 26, selected: [60, 95, 78, 50, 59, 98, 25, 44, 84, 51] 
Round 27, selected: [24, 1, 99, 22, 58, 64, 74, 54, 31, 55] 
Round 28, selected: [0, 61, 37, 70, 96, 52, 13, 51, 8, 20] 
Round 29, selected: [42, 34, 63, 69, 78, 4, 54, 11, 13, 86] 
Round 30, selected: [50, 59, 46, 74, 5, 52, 31, 92, 71, 57] 
Round 31, selected: [5, 48, 92, 50, 90, 66, 2, 67, 83, 91] 
Round 32, selected: [7, 62, 10, 29, 45, 78, 46, 84, 51, 41] 
Round 33, selected: [45, 82, 72, 12, 5, 21, 75, 89, 13, 40] 
Round 34, selected: [75, 24, 27, 65, 57, 33, 69, 63, 91, 76] 
Round 35, selected: [51, 94, 39, 7, 9, 81, 98, 79, 64, 47] 
Round 36, selected: [22, 46, 92, 59, 75, 71, 18, 11, 13, 49] 
Round 37, selected: [16, 70, 14, 71, 62, 99, 84, 93, 51, 15] 
Round 38, selected: [84, 62, 77, 2, 83, 53, 47, 88, 76, 11] 
Round 39, selected: [2, 56, 89, 71, 51, 10, 0, 44, 45, 37] 
Round 40, selected: [44, 1, 2, 43, 73, 22, 32, 95, 64, 35] 
Round 41, selected: [45, 16, 62, 87, 56, 14, 73, 97, 17, 57] 
Round 42, selected: [92, 18, 53, 50, 78, 6, 99, 31, 49, 93] 
Round 43, selected: [70, 24, 20, 52, 0, 74, 12, 9, 41, 96] 
Round 44, selected: [89, 40, 58, 35, 11, 28, 69, 63, 77, 47] 
Round 45, selected: [89, 5, 2, 22, 41, 95, 6, 23, 86, 97] 
Round 46, selected: [89, 92, 56, 61, 81, 53, 7, 98, 4, 84] 
Round 47, selected: [94, 71, 61, 59, 32, 31, 76, 11, 18, 49] 
Round 48, selected: [16, 30, 99, 70, 61, 69, 83, 17, 55, 88] 
Round 49, selected: [89, 80, 12, 35, 75, 78, 6, 67, 9, 51] 
Round 50, selected: [89, 32, 62, 24, 8, 56, 21, 49, 36, 10] 
Round 51, selected: [32, 21, 7, 67, 17, 75, 52, 53, 40, 26] 
Round 52, selected: [29, 45, 5, 59, 19, 53, 77, 35, 87, 2] 
Round 53, selected: [5, 32, 72, 80, 52, 26, 86, 13, 65, 84] 
Round 54, selected: [89, 99, 52, 94, 51, 75, 78, 27, 42, 18] 
Round 55, selected: [89, 0, 69, 6, 90, 77, 2, 73, 64, 57] 
Round 56, selected: [89, 2, 81, 24, 22, 14, 42, 74, 76, 17] 
Round 57, selected: [5, 92, 66, 10, 43, 4, 6, 38, 49, 9] 
Round 58, selected: [94, 80, 2, 69, 26, 30, 12, 98, 51, 41] 
Round 59, selected: [79, 16, 2, 59, 36, 4, 73, 54, 25, 40] 
Round 60, selected: [19, 79, 2, 70, 0, 74, 90, 55, 23, 42] 
Selected 99 different clients
