Client selection history
Round 0, selected: [451, 66, 388, 313, 487, 495, 271, 379, 332, 455] 
Round 1, selected: [111, 99, 40, 238, 340, 278, 387, 370, 386, 413] 
Round 2, selected: [486, 147, 405, 465, 262, 408, 339, 254, 383, 426] 
Round 3, selected: [463, 237, 34, 337, 142, 82, 116, 169, 197, 170] 
Round 4, selected: [308, 16, 356, 481, 361, 187, 368, 291, 101, 436] 
Round 5, selected: [71, 198, 246, 333, 402, 425, 443, 216, 86, 236] 
Round 6, selected: [295, 114, 17, 137, 423, 475, 248, 191, 446, 496] 
Round 7, selected: [301, 176, 164, 351, 401, 180, 293, 329, 165, 430] 
Round 8, selected: [51, 411, 181, 217, 154, 352, 324, 180, 171, 148] 
Round 9, selected: [399, 307, 24, 400, 183, 145, 492, 289, 461, 499] 
Round 10, selected: [139, 195, 89, 93, 345, 382, 347, 99, 233, 31] 
Round 11, selected: [447, 81, 73, 108, 87, 79, 205, 146, 302, 269] 
Round 12, selected: [15, 326, 432, 343, 144, 192, 485, 454, 441, 318] 
Round 13, selected: [10, 310, 372, 218, 297, 464, 294, 141, 20, 118] 
Round 14, selected: [127, 115, 240, 160, 317, 456, 466, 438, 244, 188] 
Round 15, selected: [91, 414, 159, 445, 69, 100, 448, 239, 438, 325] 
Round 16, selected: [92, 350, 70, 319, 177, 182, 359, 232, 309, 290] 
Round 17, selected: [241, 427, 200, 214, 369, 261, 57, 476, 413, 305] 
Round 18, selected: [48, 203, 296, 440, 311, 150, 268, 162, 113, 63] 
Round 19, selected: [35, 409, 84, 272, 478, 237, 391, 156, 283, 341] 
Round 20, selected: [452, 323, 257, 407, 68, 220, 72, 132, 283, 460] 
Round 21, selected: [250, 315, 276, 380, 252, 47, 125, 304, 242, 155] 
Round 22, selected: [396, 234, 37, 358, 105, 140, 54, 242, 433, 44] 
Round 23, selected: [127, 39, 106, 95, 327, 428, 498, 222, 471, 256] 
Round 24, selected: [247, 61, 243, 336, 21, 282, 276, 109, 405, 491] 
Round 25, selected: [484, 419, 312, 389, 400, 122, 353, 168, 90, 209] 
Round 26, selected: [462, 167, 42, 265, 6, 348, 189, 121, 211, 263] 
Round 27, selected: [320, 281, 373, 210, 84, 284, 458, 98, 439, 7] 
Round 28, selected: [50, 300, 259, 275, 2, 64, 489, 256, 417, 143] 
Round 29, selected: [415, 206, 268, 393, 269, 123, 36, 232, 30, 494] 
Selected 284 different clients
