Client selection history
Round 1, selected: [53, 20, 65, 83, 32, 18, 86, 3, 38, 49] 
Round 2, selected: [22, 17, 63, 33, 65, 45, 37, 18, 57, 55] 
Round 3, selected: [44, 79, 61, 54, 41, 89, 33, 70, 58, 18] 
Round 4, selected: [44, 69, 12, 61, 16, 29, 56, 72, 70, 28] 
Round 5, selected: [96, 63, 61, 25, 17, 98, 65, 87, 45, 39] 
Round 6, selected: [97, 76, 75, 28, 2, 68, 27, 14, 64, 45] 
Round 7, selected: [8, 7, 51, 33, 56, 96, 2, 10, 11, 18] 
Round 8, selected: [1, 58, 69, 78, 98, 44, 83, 0, 68, 40] 
Round 9, selected: [44, 29, 23, 96, 92, 33, 56, 82, 70, 16] 
Round 10, selected: [16, 62, 42, 68, 67, 33, 89, 75, 91, 27] 
Round 11, selected: [91, 51, 36, 58, 89, 94, 9, 32, 56, 10] 
Round 12, selected: [10, 13, 95, 71, 17, 8, 88, 75, 91, 32] 
Round 13, selected: [9, 71, 51, 89, 43, 44, 50, 65, 68, 22] 
Round 14, selected: [67, 51, 56, 34, 33, 29, 47, 86, 74, 55] 
Round 15, selected: [47, 12, 56, 25, 6, 2, 98, 68, 76, 39] 
Round 16, selected: [67, 36, 46, 76, 22, 33, 69, 92, 41, 73] 
Round 17, selected: [8, 61, 99, 26, 62, 74, 12, 64, 14, 98] 
Round 18, selected: [60, 0, 27, 36, 17, 2, 73, 48, 6, 62] 
Round 19, selected: [32, 0, 36, 37, 67, 89, 8, 27, 38, 72] 
Round 20, selected: [86, 51, 45, 95, 62, 17, 33, 70, 55, 28] 
Round 21, selected: [24, 23, 45, 46, 58, 19, 83, 99, 87, 70] 
Round 22, selected: [67, 43, 36, 33, 16, 32, 11, 89, 2, 72] 
Round 23, selected: [67, 90, 56, 12, 47, 83, 99, 65, 16, 35] 
Round 24, selected: [94, 69, 20, 74, 97, 23, 27, 3, 91, 32] 
Round 25, selected: [95, 0, 69, 88, 81, 89, 15, 57, 9, 73] 
Round 26, selected: [47, 42, 45, 97, 78, 92, 27, 72, 70, 18] 
Round 27, selected: [94, 80, 33, 41, 97, 86, 76, 2, 57, 27] 
Round 28, selected: [88, 12, 36, 89, 2, 50, 68, 52, 62, 49] 
Round 29, selected: [85, 69, 9, 70, 5, 72, 48, 91, 92, 26] 
Round 30, selected: [96, 23, 70, 22, 64, 2, 1, 58, 33, 29] 
Round 31, selected: [8, 64, 78, 0, 45, 26, 15, 52, 70, 58] 
Round 32, selected: [85, 20, 33, 64, 84, 11, 55, 2, 9, 98] 
Round 33, selected: [84, 71, 51, 37, 17, 31, 85, 78, 1, 39] 
Round 34, selected: [14, 29, 66, 36, 16, 38, 2, 97, 11, 44] 
Round 35, selected: [95, 69, 51, 3, 27, 48, 57, 9, 73, 66] 
Round 36, selected: [7, 13, 45, 22, 2, 78, 17, 85, 91, 89] 
Round 37, selected: [48, 23, 57, 3, 21, 24, 81, 92, 72, 54] 
Round 38, selected: [18, 42, 62, 37, 83, 25, 6, 58, 76, 66] 
Round 39, selected: [28, 12, 45, 30, 33, 39, 2, 50, 62, 96] 
Round 40, selected: [85, 0, 69, 76, 25, 7, 23, 31, 59, 58] 
Round 41, selected: [40, 79, 89, 8, 47, 81, 17, 21, 65, 67] 
Round 42, selected: [28, 43, 62, 90, 74, 51, 19, 57, 33, 16] 
Round 43, selected: [16, 82, 51, 86, 40, 30, 6, 70, 32, 19] 
Round 44, selected: [67, 13, 82, 8, 62, 81, 57, 95, 3, 33] 
Round 45, selected: [7, 63, 70, 71, 67, 56, 33, 17, 78, 1] 
Round 46, selected: [85, 75, 56, 36, 16, 33, 1, 93, 2, 91] 
Round 47, selected: [28, 13, 68, 85, 29, 99, 34, 71, 57, 44] 
Round 48, selected: [60, 39, 80, 54, 88, 65, 50, 57, 70, 59] 
Round 49, selected: [24, 27, 79, 57, 81, 97, 10, 62, 71, 48] 
Round 50, selected: [7, 0, 39, 30, 37, 83, 50, 45, 38, 96] 
Round 51, selected: [34, 83, 5, 45, 78, 0, 38, 52, 60, 8] 
Round 52, selected: [40, 23, 33, 10, 0, 61, 2, 16, 71, 56] 
Round 53, selected: [28, 0, 68, 27, 40, 41, 61, 8, 83, 94] 
Round 54, selected: [10, 51, 36, 56, 52, 32, 59, 33, 50, 87] 
Round 55, selected: [93, 69, 51, 89, 96, 98, 84, 9, 6, 57] 
Round 56, selected: [85, 66, 55, 41, 95, 73, 70, 28, 80, 45] 
Round 57, selected: [67, 12, 36, 61, 25, 37, 93, 91, 11, 64] 
Round 58, selected: [47, 43, 33, 83, 10, 52, 37, 48, 73, 68] 
Round 59, selected: [96, 0, 29, 71, 54, 50, 40, 27, 64, 82] 
Round 60, selected: [59, 62, 12, 93, 31, 41, 61, 37, 18, 20] 
Selected 98 different clients
