Client selection history
Round 0, selected: [455, 322, 221, 271, 66, 327, 332, 338, 451, 313] 
Round 1, selected: [37, 53, 214, 404, 84, 403, 297, 45, 100, 380] 
Round 2, selected: [374, 382, 133, 248, 296, 378, 189, 358, 104, 465] 
Round 3, selected: [23, 480, 188, 353, 238, 386, 162, 42, 160, 27] 
Round 4, selected: [319, 356, 294, 28, 255, 179, 329, 169, 433, 298] 
Round 5, selected: [282, 420, 429, 355, 366, 280, 416, 25, 336, 283] 
Round 6, selected: [435, 208, 494, 418, 314, 8, 393, 117, 279, 124] 
Round 7, selected: [123, 115, 339, 340, 1, 93, 6, 153, 272, 247] 
Round 8, selected: [147, 401, 177, 216, 254, 442, 382, 243, 142, 218] 
Round 9, selected: [163, 481, 187, 289, 217, 470, 88, 496, 362, 97] 
Round 10, selected: [207, 310, 48, 213, 444, 151, 32, 308, 397, 73] 
Round 11, selected: [334, 92, 36, 215, 127, 348, 173, 162, 267, 120] 
Round 12, selected: [288, 107, 41, 328, 413, 337, 15, 182, 253, 128] 
Round 13, selected: [426, 109, 34, 59, 90, 44, 333, 437, 2, 149] 
Round 14, selected: [456, 16, 131, 119, 412, 307, 204, 449, 471, 446] 
Round 15, selected: [361, 392, 295, 78, 410, 463, 325, 475, 498, 354] 
Round 16, selected: [384, 329, 312, 482, 148, 54, 464, 229, 29, 467] 
Round 17, selected: [252, 106, 65, 400, 0, 166, 414, 331, 235, 79] 
Round 18, selected: [63, 275, 20, 368, 76, 293, 269, 436, 121, 86] 
Round 19, selected: [479, 285, 421, 55, 472, 466, 411, 185, 332, 258] 
Round 20, selected: [222, 242, 357, 110, 101, 210, 260, 462, 454, 440] 
Round 21, selected: [417, 56, 220, 460, 47, 457, 80, 225, 490, 203] 
Round 22, selected: [183, 323, 415, 394, 17, 58, 39, 87, 199, 66] 
Round 23, selected: [240, 51, 266, 245, 257, 314, 116, 469, 377, 284] 
Round 24, selected: [434, 114, 167, 406, 64, 270, 19, 345, 67, 259] 
Round 25, selected: [311, 349, 140, 351, 165, 305, 50, 136, 120, 363] 
Round 26, selected: [396, 94, 26, 321, 161, 218, 68, 95, 441, 85] 
Round 27, selected: [158, 43, 484, 359, 370, 142, 265, 147, 139, 175] 
Round 28, selected: [14, 356, 231, 102, 499, 264, 430, 163, 113, 170] 
Round 29, selected: [198, 190, 191, 72, 109, 224, 466, 483, 404, 9] 
Selected 285 different clients
