Client selection history
Round 1, selected: [80, 35, 97, 37, 26, 42, 34, 11, 74, 10] 
Round 2, selected: [95, 37, 18, 80, 23, 85, 81, 7, 31, 9] 
Round 3, selected: [9, 6, 7, 20, 69, 86, 54, 57, 34, 51] 
Round 4, selected: [57, 95, 4, 98, 85, 18, 97, 69, 17, 23] 
Round 5, selected: [95, 37, 34, 57, 86, 76, 10, 23, 27, 69] 
Round 6, selected: [27, 64, 97, 75, 33, 48, 58, 70, 80, 7] 
Round 7, selected: [97, 37, 54, 27, 82, 10, 47, 39, 81, 99] 
Round 8, selected: [97, 54, 64, 98, 57, 4, 81, 85, 38, 73] 
Round 9, selected: [64, 82, 95, 76, 38, 18, 5, 13, 1, 84] 
Round 10, selected: [18, 37, 33, 10, 57, 46, 83, 9, 12, 17] 
Round 11, selected: [18, 33, 54, 97, 4, 58, 85, 70, 27, 24] 
Round 12, selected: [95, 70, 47, 12, 56, 29, 42, 43, 69, 61] 
Round 13, selected: [98, 4, 34, 39, 17, 13, 61, 80, 25, 75] 
Round 14, selected: [64, 97, 75, 13, 27, 76, 1, 5, 2, 84] 
Round 15, selected: [97, 33, 1, 10, 2, 18, 47, 56, 42, 7] 
Round 16, selected: [18, 98, 1, 13, 42, 57, 58, 48, 83, 78] 
Round 17, selected: [33, 47, 42, 70, 82, 27, 56, 86, 23, 81] 
Round 18, selected: [33, 27, 42, 64, 75, 25, 46, 99, 84, 66] 
Round 19, selected: [10, 57, 56, 58, 86, 66, 80, 9, 36, 6] 
Round 20, selected: [18, 58, 10, 80, 97, 75, 13, 86, 95, 17] 
Round 21, selected: [46, 25, 9, 78, 43, 52, 94, 20, 63, 22] 
Round 22, selected: [86, 33, 95, 56, 47, 54, 34, 24, 29, 51] 
Round 23, selected: [58, 47, 56, 98, 54, 25, 9, 84, 2, 39] 
Round 24, selected: [58, 33, 25, 80, 46, 4, 48, 36, 76, 94] 
Round 25, selected: [64, 97, 75, 98, 13, 27, 39, 81, 12, 61] 
Round 26, selected: [27, 13, 17, 80, 39, 46, 2, 48, 36, 85] 
Round 27, selected: [10, 27, 25, 17, 36, 57, 82, 61, 37, 38] 
Round 28, selected: [33, 58, 86, 17, 48, 70, 95, 81, 24, 51] 
Round 29, selected: [58, 10, 46, 70, 34, 61, 83, 24, 23, 99] 
Round 30, selected: [33, 42, 46, 48, 36, 83, 54, 2, 4, 12] 
Round 31, selected: [10, 97, 47, 54, 56, 83, 12, 99, 76, 94] 
Round 32, selected: [10, 97, 27, 54, 4, 34, 99, 94, 23, 69] 
Round 33, selected: [57, 95, 94, 81, 9, 69, 43, 6, 15, 73] 
Round 34, selected: [27, 42, 97, 13, 18, 47, 70, 80, 23, 1] 
Round 35, selected: [97, 80, 27, 33, 46, 86, 57, 76, 2, 12] 
Round 36, selected: [64, 56, 18, 2, 12, 36, 5, 52, 63, 15] 
Round 37, selected: [12, 1, 9, 70, 48, 94, 69, 5, 85, 29] 
Round 38, selected: [10, 33, 58, 64, 2, 48, 1, 70, 17, 75] 
Round 39, selected: [64, 58, 70, 17, 25, 57, 54, 80, 81, 99] 
Round 40, selected: [64, 33, 10, 2, 46, 98, 9, 84, 85, 66] 
Round 41, selected: [17, 1, 54, 86, 12, 84, 85, 39, 5, 37] 
Round 42, selected: [2, 97, 1, 48, 36, 61, 66, 29, 43, 15] 
Round 43, selected: [48, 27, 57, 84, 75, 99, 9, 69, 66, 95] 
Round 44, selected: [2, 13, 17, 1, 54, 85, 83, 23, 61, 29] 
Round 45, selected: [57, 48, 75, 54, 99, 84, 81, 80, 23, 24] 
Round 46, selected: [58, 2, 17, 27, 42, 25, 83, 18, 66, 76] 
Round 47, selected: [33, 2, 42, 17, 18, 12, 61, 39, 5, 7] 
Round 48, selected: [58, 12, 25, 9, 18, 86, 61, 85, 23, 94] 
Round 49, selected: [25, 17, 46, 81, 47, 39, 76, 63, 67, 91] 
Round 50, selected: [33, 58, 57, 56, 75, 9, 98, 4, 43, 51] 
Round 51, selected: [70, 86, 12, 5, 82, 52, 6, 51, 91, 89] 
Round 52, selected: [33, 57, 25, 13, 97, 56, 81, 94, 18, 82] 
Round 53, selected: [33, 17, 13, 56, 70, 1, 18, 61, 24, 63] 
Round 54, selected: [33, 2, 1, 56, 75, 48, 80, 36, 99, 82] 
Round 55, selected: [58, 13, 57, 99, 61, 85, 94, 34, 29, 43] 
Round 56, selected: [57, 25, 70, 54, 85, 80, 84, 39, 89, 65] 
Round 57, selected: [33, 10, 70, 57, 97, 13, 27, 46, 48, 81] 
Round 58, selected: [64, 86, 12, 54, 85, 83, 80, 39, 9, 37] 
Round 59, selected: [58, 64, 57, 83, 99, 81, 34, 5, 29, 43] 
Round 60, selected: [33, 10, 2, 56, 46, 85, 61, 18, 34, 94] 
Selected 68 different clients
