Client selection history
Round 1, selected: [61, 56, 46, 92, 76, 55, 38, 45, 91, 82] 
Round 2, selected: [39, 20, 60, 59, 18, 8, 96, 14, 12, 10] 
Round 3, selected: [44, 66, 67, 89, 79, 61, 94, 15, 41, 97] 
Round 4, selected: [72, 20, 59, 53, 8, 88, 10, 86, 95, 28] 
Round 5, selected: [87, 44, 80, 67, 89, 17, 37, 22, 49, 79] 
Round 6, selected: [62, 20, 59, 13, 53, 88, 54, 73, 41, 28] 
Round 7, selected: [66, 97, 65, 5, 70, 96, 21, 36, 56, 30] 
Round 8, selected: [73, 17, 81, 0, 24, 19, 83, 13, 22, 68] 
Round 9, selected: [33, 92, 96, 56, 21, 28, 99, 16, 47, 42] 
Round 10, selected: [27, 58, 91, 46, 25, 17, 89, 67, 47, 13] 
Round 11, selected: [77, 30, 56, 28, 94, 43, 21, 36, 96, 69] 
Round 12, selected: [58, 37, 91, 39, 95, 59, 50, 20, 88, 86] 
Round 13, selected: [21, 33, 65, 71, 43, 78, 22, 14, 57, 24] 
Round 14, selected: [20, 72, 29, 47, 46, 45, 95, 81, 51, 11] 
Round 15, selected: [21, 33, 2, 12, 56, 34, 9, 43, 26, 62] 
Round 16, selected: [72, 96, 66, 40, 88, 86, 42, 85, 58, 63] 
Round 17, selected: [30, 74, 5, 0, 65, 12, 26, 64, 22, 41] 
Round 18, selected: [98, 47, 39, 60, 91, 99, 84, 20, 27, 14] 
Round 19, selected: [33, 36, 77, 17, 5, 61, 64, 15, 45, 57] 
Round 20, selected: [96, 14, 99, 7, 24, 70, 95, 10, 4, 62] 
Round 21, selected: [61, 94, 30, 77, 74, 90, 28, 45, 34, 57] 
Round 22, selected: [32, 4, 26, 98, 73, 54, 72, 6, 9, 7] 
Round 23, selected: [2, 94, 56, 76, 71, 75, 78, 16, 93, 42] 
Round 24, selected: [62, 32, 10, 4, 60, 0, 8, 20, 54, 52] 
Round 25, selected: [98, 70, 22, 89, 19, 15, 1, 55, 94, 90] 
Round 26, selected: [59, 72, 53, 39, 13, 28, 26, 92, 51, 21] 
Round 27, selected: [89, 80, 44, 97, 38, 35, 12, 57, 48, 52] 
Round 28, selected: [39, 62, 88, 47, 26, 63, 52, 27, 2, 91] 
Round 29, selected: [87, 67, 38, 92, 3, 77, 30, 18, 25, 36] 
Round 30, selected: [72, 59, 10, 60, 96, 13, 40, 88, 84, 50] 
Round 31, selected: [17, 92, 25, 70, 80, 38, 64, 99, 96, 90] 
Round 32, selected: [10, 59, 60, 72, 20, 13, 82, 88, 9, 52] 
Round 33, selected: [17, 37, 71, 67, 85, 84, 12, 14, 92, 1] 
Round 34, selected: [59, 72, 8, 39, 53, 88, 4, 23, 82, 36] 
Round 35, selected: [37, 34, 2, 25, 77, 93, 56, 84, 99, 14] 
Round 36, selected: [20, 59, 10, 7, 88, 13, 53, 32, 4, 18] 
Round 37, selected: [96, 92, 19, 2, 71, 22, 84, 99, 38, 87] 
Round 38, selected: [62, 32, 36, 0, 4, 18, 40, 20, 27, 82] 
Round 39, selected: [30, 33, 92, 2, 96, 79, 17, 71, 44, 51] 
Round 40, selected: [58, 46, 7, 0, 23, 26, 59, 21, 31, 88] 
Round 41, selected: [33, 92, 2, 56, 93, 79, 74, 38, 28, 8] 
Round 42, selected: [98, 58, 19, 62, 47, 11, 89, 36, 4, 9] 
Round 43, selected: [53, 86, 49, 16, 22, 94, 96, 20, 70, 51] 
Round 44, selected: [62, 67, 48, 68, 26, 82, 65, 57, 25, 61] 
Round 45, selected: [39, 30, 33, 77, 1, 7, 81, 63, 56, 16] 
Round 46, selected: [73, 36, 78, 85, 65, 26, 60, 67, 17, 0] 
Round 47, selected: [96, 39, 60, 30, 20, 92, 28, 47, 43, 34] 
Round 48, selected: [89, 32, 25, 54, 85, 55, 26, 90, 82, 57] 
Round 49, selected: [72, 39, 59, 34, 96, 51, 63, 30, 22, 70] 
Round 50, selected: [37, 62, 19, 89, 54, 3, 9, 85, 0, 25] 
Round 51, selected: [98, 72, 61, 8, 60, 77, 15, 64, 33, 96] 
Round 52, selected: [6, 4, 67, 49, 87, 35, 10, 18, 81, 34] 
Round 53, selected: [93, 14, 1, 62, 24, 33, 61, 77, 47, 8] 
Round 54, selected: [37, 83, 87, 44, 55, 95, 3, 49, 65, 97] 
Round 55, selected: [98, 33, 30, 69, 96, 62, 36, 4, 1, 93] 
Round 56, selected: [59, 95, 89, 7, 55, 50, 49, 17, 15, 29] 
Round 57, selected: [32, 2, 62, 4, 36, 21, 96, 74, 26, 0] 
Round 58, selected: [44, 87, 98, 37, 86, 19, 48, 75, 6, 3] 
Round 59, selected: [69, 72, 28, 96, 20, 21, 45, 4, 71, 16] 
Round 60, selected: [37, 89, 19, 73, 62, 83, 54, 41, 27, 82] 
Selected 100 different clients
