Client selection history
Round 1, selected: [72, 80, 98, 48, 32, 79, 62, 89, 44, 50] 
Round 2, selected: [57, 9, 49, 65, 55, 71, 22, 24, 10, 70] 
Round 3, selected: [5, 1, 80, 89, 62, 32, 92, 29, 56, 8] 
Round 4, selected: [95, 78, 53, 55, 31, 97, 28, 71, 10, 37] 
Round 5, selected: [1, 89, 0, 40, 61, 99, 6, 21, 52, 46] 
Round 6, selected: [73, 10, 95, 82, 38, 94, 47, 55, 24, 20] 
Round 7, selected: [12, 87, 18, 83, 58, 84, 30, 38, 46, 74] 
Round 8, selected: [69, 49, 45, 10, 11, 59, 68, 47, 74, 91] 
Round 9, selected: [66, 72, 77, 58, 75, 11, 22, 38, 40, 42] 
Round 10, selected: [67, 6, 29, 65, 34, 68, 60, 18, 33, 17] 
Round 11, selected: [12, 42, 40, 99, 85, 64, 0, 59, 71, 24] 
Round 12, selected: [20, 18, 67, 6, 17, 25, 68, 57, 98, 21] 
Round 13, selected: [51, 10, 59, 24, 34, 22, 95, 89, 2, 92] 
Round 14, selected: [35, 68, 72, 57, 81, 31, 93, 29, 86, 90] 
Round 15, selected: [46, 56, 69, 8, 76, 34, 87, 70, 80, 2] 
Round 16, selected: [57, 55, 10, 82, 86, 65, 42, 25, 77, 79] 
Round 17, selected: [20, 35, 76, 87, 6, 32, 78, 16, 63, 84] 
Round 18, selected: [68, 93, 92, 10, 14, 19, 55, 84, 81, 83] 
Round 19, selected: [67, 45, 29, 11, 18, 83, 96, 44, 94, 72] 
Round 20, selected: [74, 86, 79, 58, 77, 12, 4, 33, 66, 0] 
Round 21, selected: [45, 76, 69, 88, 22, 85, 78, 13, 14, 24] 
Round 22, selected: [8, 41, 74, 91, 46, 51, 71, 30, 58, 90] 
Round 23, selected: [69, 64, 28, 8, 78, 2, 39, 83, 94, 40] 
Round 24, selected: [97, 10, 45, 44, 32, 9, 91, 93, 66, 74] 
Round 25, selected: [60, 35, 46, 17, 96, 22, 5, 83, 27, 94] 
Round 26, selected: [51, 91, 44, 71, 25, 84, 52, 63, 65, 28] 
Round 27, selected: [1, 56, 54, 31, 98, 24, 38, 58, 64, 22] 
Round 28, selected: [51, 73, 33, 13, 18, 20, 52, 77, 40, 8] 
Round 29, selected: [54, 28, 13, 4, 78, 69, 34, 91, 42, 7] 
Round 30, selected: [71, 96, 92, 93, 57, 11, 60, 64, 89, 66] 
Round 31, selected: [43, 50, 67, 91, 51, 90, 15, 40, 66, 14] 
Round 32, selected: [41, 49, 11, 85, 58, 78, 46, 62, 55, 45] 
Round 33, selected: [82, 10, 83, 11, 45, 76, 87, 99, 37, 8] 
Round 34, selected: [9, 57, 65, 4, 3, 75, 27, 24, 40, 55] 
Round 35, selected: [88, 47, 96, 64, 7, 22, 6, 81, 98, 90] 
Round 36, selected: [49, 93, 13, 75, 59, 40, 73, 71, 10, 23] 
Round 37, selected: [38, 6, 62, 28, 48, 16, 70, 80, 14, 15] 
Round 38, selected: [97, 73, 84, 53, 10, 34, 11, 18, 76, 46] 
Round 39, selected: [9, 2, 21, 37, 0, 75, 23, 72, 89, 45] 
Round 40, selected: [73, 10, 53, 28, 64, 2, 35, 22, 76, 46] 
Round 41, selected: [68, 57, 55, 13, 52, 62, 90, 17, 97, 73] 
Round 42, selected: [44, 99, 63, 78, 50, 6, 69, 31, 72, 74] 
Round 43, selected: [96, 3, 42, 20, 60, 87, 41, 36, 74, 0] 
Round 44, selected: [26, 71, 4, 69, 54, 77, 47, 32, 65, 63] 
Round 45, selected: [40, 75, 23, 41, 95, 97, 38, 49, 82, 86] 
Round 46, selected: [7, 60, 76, 17, 56, 43, 98, 83, 4, 61] 
Round 47, selected: [51, 25, 71, 49, 10, 54, 31, 53, 14, 96] 
Round 48, selected: [68, 61, 99, 55, 31, 24, 88, 13, 17, 70] 
Round 49, selected: [67, 86, 6, 14, 91, 51, 85, 27, 79, 35] 
Round 50, selected: [49, 36, 21, 24, 75, 27, 61, 30, 62, 56] 
Round 51, selected: [26, 3, 44, 67, 7, 41, 85, 53, 52, 40] 
Round 52, selected: [35, 83, 28, 87, 8, 73, 53, 12, 74, 2] 
Round 53, selected: [3, 85, 93, 84, 9, 65, 36, 13, 86, 26] 
Round 54, selected: [95, 18, 35, 32, 25, 27, 24, 78, 53, 52] 
Round 55, selected: [38, 57, 41, 64, 22, 2, 73, 0, 79, 90] 
Round 56, selected: [51, 12, 17, 41, 81, 76, 74, 50, 28, 69] 
Round 57, selected: [38, 6, 10, 4, 43, 95, 52, 23, 92, 78] 
Round 58, selected: [68, 41, 60, 54, 12, 98, 61, 30, 51, 14] 
Round 59, selected: [4, 40, 97, 25, 73, 94, 59, 10, 71, 16] 
Round 60, selected: [88, 42, 96, 17, 23, 39, 99, 36, 55, 2] 
Selected 100 different clients
