Client selection history
Round 0, selected: [455, 322, 221, 271, 66, 327, 332, 338, 451, 313] 
Round 1, selected: [38, 55, 219, 405, 85, 403, 303, 47, 103, 380] 
Round 2, selected: [375, 380, 135, 248, 298, 379, 190, 358, 105, 464] 
Round 3, selected: [25, 481, 192, 357, 240, 384, 166, 46, 163, 31] 
Round 4, selected: [325, 361, 301, 30, 256, 183, 334, 173, 432, 304] 
Round 5, selected: [287, 418, 428, 359, 367, 284, 412, 29, 338, 288] 
Round 6, selected: [172, 169, 290, 126, 323, 135, 233, 149, 432, 57] 
Round 7, selected: [194, 152, 473, 354, 452, 198, 429, 314, 113, 330] 
Round 8, selected: [157, 399, 184, 153, 265, 437, 382, 253, 158, 224] 
Round 9, selected: [175, 479, 199, 298, 113, 467, 103, 226, 364, 190] 
Round 10, selected: [214, 320, 57, 222, 441, 171, 39, 317, 394, 87] 
Round 11, selected: [44, 109, 50, 222, 392, 354, 186, 183, 138, 178] 
Round 12, selected: [333, 100, 339, 295, 275, 263, 152, 33, 141, 274] 
Round 13, selected: [165, 113, 252, 85, 128, 255, 44, 109, 389, 315] 
Round 14, selected: [449, 24, 141, 134, 404, 310, 204, 439, 466, 436] 
Round 15, selected: [365, 396, 309, 96, 413, 460, 334, 471, 497, 360] 
Round 16, selected: [390, 339, 327, 480, 168, 61, 464, 239, 41, 467] 
Round 17, selected: [274, 131, 83, 219, 0, 185, 419, 347, 254, 98] 
Round 18, selected: [78, 298, 33, 372, 96, 312, 288, 438, 144, 107] 
Round 19, selected: [478, 309, 417, 65, 469, 465, 413, 201, 343, 280] 
Round 20, selected: [239, 270, 373, 134, 123, 227, 285, 471, 458, 443] 
Round 21, selected: [429, 74, 239, 471, 64, 466, 110, 250, 490, 224] 
Round 22, selected: [208, 349, 431, 412, 30, 75, 58, 115, 227, 87] 
Round 23, selected: [271, 67, 297, 273, 285, 337, 141, 472, 396, 316] 
Round 24, selected: [442, 142, 184, 416, 77, 292, 34, 356, 82, 283] 
Round 25, selected: [320, 357, 161, 359, 182, 312, 67, 151, 136, 369] 
Round 26, selected: [398, 449, 177, 332, 443, 237, 84, 116, 39, 104] 
Round 27, selected: [170, 62, 484, 363, 372, 157, 285, 162, 154, 183] 
Round 28, selected: [31, 120, 462, 498, 282, 9, 134, 175, 292, 418] 
Round 29, selected: [64, 105, 7, 183, 409, 319, 263, 433, 468, 122] 
Selected 230 different clients
