Client selection history
Round 1, selected: [79, 62, 89, 44, 50, 29, 43, 90, 69, 92] 
Round 2, selected: [22, 91, 51, 3, 70, 84, 71, 62, 98, 61] 
Round 3, selected: [1, 9, 32, 5, 56, 92, 17, 80, 89, 87] 
Round 4, selected: [37, 6, 87, 53, 10, 36, 71, 60, 31, 20] 
Round 5, selected: [61, 82, 99, 55, 74, 65, 34, 31, 21, 46] 
Round 6, selected: [44, 20, 95, 48, 1, 94, 46, 34, 24, 82] 
Round 7, selected: [38, 71, 97, 52, 86, 39, 83, 75, 87, 18] 
Round 8, selected: [99, 12, 36, 72, 0, 42, 11, 91, 61, 81] 
Round 9, selected: [22, 67, 6, 77, 75, 23, 80, 58, 19, 66] 
Round 10, selected: [34, 92, 65, 16, 85, 33, 52, 58, 68, 0] 
Round 11, selected: [92, 95, 50, 85, 24, 65, 12, 99, 23, 59] 
Round 12, selected: [25, 54, 64, 57, 92, 68, 84, 98, 34, 21] 
Round 13, selected: [92, 24, 52, 51, 48, 59, 34, 89, 22, 2] 
Round 14, selected: [93, 81, 90, 31, 72, 43, 91, 78, 51, 33] 
Round 15, selected: [2, 45, 7, 69, 13, 80, 89, 65, 70, 34] 
Round 16, selected: [10, 2, 77, 57, 55, 42, 79, 82, 89, 25] 
Round 17, selected: [32, 63, 78, 91, 16, 84, 28, 54, 96, 71] 
Round 18, selected: [0, 10, 68, 67, 55, 93, 6, 81, 23, 84] 
Round 19, selected: [77, 94, 45, 62, 16, 29, 33, 44, 72, 1] 
Round 20, selected: [85, 75, 22, 61, 0, 84, 33, 34, 4, 77] 
Round 21, selected: [10, 13, 69, 93, 53, 82, 21, 88, 62, 51] 
Round 22, selected: [74, 15, 1, 48, 5, 2, 0, 71, 59, 58] 
Round 23, selected: [30, 91, 51, 28, 64, 33, 78, 2, 99, 94] 
Round 24, selected: [10, 93, 74, 47, 83, 55, 66, 44, 38, 88] 
Round 25, selected: [46, 69, 29, 7, 45, 94, 16, 93, 83, 59] 
Round 26, selected: [84, 28, 65, 66, 30, 52, 59, 44, 98, 25] 
Round 27, selected: [45, 7, 22, 64, 24, 52, 82, 85, 55, 31] 
Round 28, selected: [4, 70, 51, 33, 77, 72, 39, 96, 45, 64] 
Round 29, selected: [28, 13, 71, 86, 42, 63, 54, 7, 1, 91] 
Round 30, selected: [96, 93, 66, 57, 64, 31, 74, 65, 89, 71] 
Round 31, selected: [83, 71, 92, 90, 19, 48, 66, 5, 15, 96] 
Round 32, selected: [41, 29, 7, 45, 46, 51, 50, 58, 84, 55] 
Round 33, selected: [83, 13, 5, 82, 40, 89, 37, 78, 21, 12] 
Round 34, selected: [52, 51, 9, 3, 91, 57, 34, 33, 40, 4] 
Round 35, selected: [68, 96, 64, 98, 9, 6, 7, 81, 52, 94] 
Round 36, selected: [46, 40, 73, 10, 44, 93, 49, 71, 59, 75] 
Round 37, selected: [51, 84, 14, 93, 99, 34, 70, 97, 80, 16] 
Round 38, selected: [83, 64, 2, 45, 46, 97, 73, 62, 10, 53] 
Round 39, selected: [21, 75, 84, 44, 35, 56, 45, 72, 89, 2] 
Round 40, selected: [35, 76, 52, 64, 39, 2, 43, 44, 95, 27] 
Round 41, selected: [13, 90, 17, 55, 20, 18, 62, 56, 87, 8] 
Round 42, selected: [93, 63, 92, 53, 6, 80, 99, 55, 31, 69] 
Round 43, selected: [4, 65, 9, 36, 12, 24, 41, 70, 42, 13] 
Round 44, selected: [20, 35, 76, 61, 63, 77, 40, 32, 69, 28] 
Round 45, selected: [33, 22, 23, 49, 2, 95, 41, 83, 40, 6] 
Round 46, selected: [17, 56, 15, 76, 2, 83, 43, 98, 23, 84] 
Round 47, selected: [25, 54, 96, 51, 31, 32, 58, 17, 94, 61] 
Round 48, selected: [17, 27, 24, 30, 69, 13, 55, 70, 33, 80] 
Round 49, selected: [51, 91, 35, 9, 59, 30, 79, 12, 65, 75] 
Round 50, selected: [32, 61, 8, 18, 49, 36, 24, 75, 98, 56] 
Round 51, selected: [49, 65, 44, 40, 67, 7, 52, 17, 69, 31] 
Round 52, selected: [28, 74, 19, 77, 5, 35, 61, 8, 59, 98] 
Round 53, selected: [65, 85, 93, 92, 13, 52, 2, 36, 32, 12] 
Round 54, selected: [27, 24, 78, 35, 42, 75, 94, 0, 77, 52] 
Round 55, selected: [41, 90, 64, 2, 67, 8, 6, 77, 21, 66] 
Round 56, selected: [71, 41, 76, 28, 64, 42, 81, 37, 50, 2] 
Round 57, selected: [41, 4, 36, 28, 92, 6, 78, 93, 95, 21] 
Round 58, selected: [54, 71, 2, 61, 30, 92, 98, 7, 32, 69] 
Round 59, selected: [14, 73, 59, 10, 25, 13, 71, 83, 94, 54] 
Round 60, selected: [74, 17, 88, 55, 96, 36, 98, 89, 70, 78] 
Selected 99 different clients
