Client selection history
Round 1, selected: [61, 94, 15, 27, 29, 31, 41, 56, 46, 92] 
Round 2, selected: [72, 39, 20, 53, 60, 59, 8, 98, 13, 86] 
Round 3, selected: [61, 15, 94, 27, 46, 29, 55, 68, 41, 58] 
Round 4, selected: [72, 39, 20, 60, 59, 98, 53, 8, 96, 13] 
Round 5, selected: [58, 37, 27, 15, 61, 46, 29, 55, 19, 89] 
Round 6, selected: [39, 98, 72, 10, 20, 32, 60, 52, 62, 96] 
Round 7, selected: [37, 25, 89, 17, 19, 49, 34, 67, 85, 83] 
Round 8, selected: [21, 36, 69, 0, 62, 32, 18, 65, 27, 61] 
Round 9, selected: [33, 30, 92, 77, 2, 56, 79, 38, 44, 87] 
Round 10, selected: [21, 36, 27, 18, 40, 69, 50, 7, 0, 91] 
Round 11, selected: [33, 77, 92, 30, 56, 2, 38, 87, 79, 44] 
Round 12, selected: [27, 21, 36, 91, 29, 7, 40, 50, 69, 18] 
Round 13, selected: [33, 92, 77, 30, 2, 56, 38, 79, 87, 28] 
Round 14, selected: [27, 29, 91, 50, 40, 58, 46, 7, 11, 47] 
Round 15, selected: [33, 92, 77, 30, 2, 56, 21, 36, 65, 69] 
Round 16, selected: [27, 29, 7, 60, 40, 91, 50, 88, 72, 59] 
Round 17, selected: [21, 36, 33, 92, 77, 69, 30, 2, 65, 18] 
Round 18, selected: [27, 60, 29, 7, 95, 72, 20, 88, 40, 39] 
Round 19, selected: [17, 41, 34, 92, 21, 33, 37, 25, 61, 12] 
Round 20, selected: [72, 60, 39, 47, 7, 59, 20, 98, 88, 27] 
Round 21, selected: [17, 34, 61, 41, 64, 94, 21, 36, 15, 71] 
Round 22, selected: [32, 62, 4, 10, 73, 54, 37, 89, 19, 67] 
Round 23, selected: [61, 17, 64, 94, 21, 71, 34, 30, 22, 36] 
Round 24, selected: [87, 10, 62, 32, 44, 4, 73, 60, 95, 82] 
Round 25, selected: [21, 36, 61, 69, 15, 30, 18, 94, 96, 12] 
Round 26, selected: [87, 44, 32, 62, 38, 4, 10, 6, 33, 77] 
Round 27, selected: [36, 21, 69, 98, 18, 78, 61, 70, 17, 12] 
Round 28, selected: [32, 62, 10, 4, 73, 82, 59, 26, 33, 60] 
Round 29, selected: [61, 15, 94, 64, 17, 98, 90, 36, 21, 69] 
Round 30, selected: [32, 62, 4, 10, 26, 33, 77, 52, 73, 54] 
Round 31, selected: [61, 94, 15, 64, 76, 75, 17, 55, 41, 42] 
Round 32, selected: [32, 62, 4, 0, 10, 52, 26, 33, 77, 21] 
Round 33, selected: [61, 15, 94, 66, 87, 76, 80, 44, 55, 90] 
Round 34, selected: [32, 62, 4, 10, 0, 21, 69, 36, 52, 26] 
Round 35, selected: [30, 44, 92, 87, 38, 56, 33, 2, 77, 79] 
Round 36, selected: [27, 29, 46, 91, 58, 50, 40, 7, 36, 32] 
Round 37, selected: [33, 92, 30, 77, 2, 56, 79, 28, 45, 43] 
Round 38, selected: [27, 29, 36, 58, 91, 60, 40, 13, 46, 21] 
Round 39, selected: [33, 30, 77, 92, 2, 56, 96, 38, 71, 34] 
Round 40, selected: [27, 62, 32, 29, 13, 10, 6, 60, 59, 0] 
Round 41, selected: [98, 96, 61, 70, 37, 84, 14, 99, 17, 22] 
Round 42, selected: [61, 9, 48, 89, 19, 37, 67, 8, 55, 68] 
Round 43, selected: [72, 53, 20, 8, 39, 59, 98, 51, 60, 96] 
Round 44, selected: [37, 9, 19, 25, 32, 89, 17, 67, 54, 62] 
Round 45, selected: [61, 36, 21, 98, 69, 8, 72, 94, 15, 20] 
Round 46, selected: [32, 62, 6, 33, 4, 73, 30, 26, 82, 87] 
Round 47, selected: [98, 17, 53, 49, 70, 22, 64, 99, 34, 39] 
Round 48, selected: [32, 36, 62, 37, 18, 54, 21, 19, 57, 85] 
Round 49, selected: [20, 72, 53, 39, 51, 8, 60, 59, 30, 86] 
Round 50, selected: [37, 19, 89, 25, 67, 85, 90, 9, 57, 68] 
Round 51, selected: [72, 20, 53, 59, 39, 60, 8, 88, 28, 98] 
Round 52, selected: [37, 17, 25, 19, 89, 67, 9, 22, 34, 49] 
Round 53, selected: [36, 21, 69, 72, 96, 98, 16, 61, 20, 8] 
Round 54, selected: [32, 62, 4, 26, 73, 82, 10, 9, 6, 54] 
Round 55, selected: [98, 61, 94, 96, 63, 15, 99, 64, 70, 71] 
Round 56, selected: [32, 62, 13, 4, 10, 0, 20, 59, 60, 89] 
Round 57, selected: [98, 17, 96, 70, 99, 22, 71, 14, 93, 34] 
Round 58, selected: [62, 32, 13, 19, 48, 37, 10, 36, 3, 4] 
Round 59, selected: [98, 96, 61, 99, 1, 14, 17, 93, 63, 42] 
Round 60, selected: [32, 62, 60, 6, 81, 59, 19, 37, 89, 86] 
Selected 94 different clients
