Client selection history
Round 1, selected: [25, 27, 57, 6, 17, 32, 80, 70, 13, 90] 
Round 2, selected: [52, 30, 60, 32, 55, 22, 34, 90, 58, 14] 
Round 3, selected: [27, 70, 75, 37, 86, 65, 5, 54, 64, 23] 
Round 4, selected: [62, 90, 91, 84, 66, 80, 97, 67, 4, 72] 
Round 5, selected: [57, 46, 31, 59, 96, 5, 42, 38, 8, 28] 
Round 6, selected: [3, 71, 61, 76, 58, 77, 84, 6, 69, 64] 
Round 7, selected: [49, 24, 80, 72, 91, 73, 21, 10, 93, 44] 
Round 8, selected: [32, 35, 91, 84, 90, 62, 34, 70, 17, 56] 
Round 9, selected: [14, 8, 6, 15, 40, 79, 81, 89, 26, 76] 
Round 10, selected: [60, 74, 4, 77, 72, 97, 94, 85, 41, 98] 
Round 11, selected: [95, 33, 18, 13, 83, 66, 41, 80, 72, 98] 
Round 12, selected: [55, 1, 96, 27, 22, 74, 59, 9, 36, 0] 
Round 13, selected: [16, 50, 7, 61, 77, 67, 52, 71, 48, 30] 
Round 14, selected: [94, 27, 55, 2, 99, 57, 37, 17, 60, 43] 
Round 15, selected: [34, 58, 32, 48, 90, 47, 16, 63, 4, 89] 
Round 16, selected: [29, 31, 45, 5, 42, 35, 19, 93, 88, 10] 
Round 17, selected: [81, 58, 90, 84, 34, 26, 39, 4, 12, 74] 
Round 18, selected: [49, 7, 6, 50, 51, 46, 53, 0, 67, 12] 
Round 19, selected: [32, 84, 61, 64, 96, 34, 65, 1, 3, 47] 
Round 20, selected: [87, 85, 16, 24, 89, 77, 78, 73, 12, 97] 
Round 21, selected: [84, 8, 25, 39, 20, 9, 1, 49, 15, 14] 
Round 22, selected: [32, 23, 54, 68, 25, 39, 75, 48, 9, 46] 
Round 23, selected: [38, 81, 76, 79, 54, 47, 15, 20, 74, 16] 
Round 24, selected: [70, 28, 44, 81, 11, 68, 46, 62, 71, 69] 
Round 25, selected: [59, 54, 8, 65, 53, 76, 49, 96, 22, 74] 
Round 26, selected: [21, 25, 56, 3, 36, 26, 63, 52, 8, 24] 
Round 27, selected: [64, 86, 49, 81, 52, 36, 50, 97, 20, 11] 
Round 28, selected: [0, 44, 82, 63, 51, 59, 14, 50, 71, 86] 
Round 29, selected: [91, 32, 52, 79, 26, 9, 51, 36, 4, 78] 
Round 30, selected: [40, 38, 49, 86, 15, 6, 64, 68, 85, 0] 
Round 31, selected: [53, 84, 39, 71, 30, 44, 73, 50, 62, 96] 
Round 32, selected: [1, 87, 28, 7, 25, 65, 74, 69, 32, 12] 
Round 33, selected: [70, 38, 49, 21, 67, 77, 75, 81, 15, 34] 
Round 34, selected: [64, 76, 52, 22, 92, 48, 62, 73, 20, 36] 
Round 35, selected: [8, 79, 82, 40, 24, 86, 75, 65, 1, 77] 
Round 36, selected: [91, 52, 61, 56, 0, 14, 9, 22, 79, 4] 
Round 37, selected: [70, 28, 54, 38, 85, 14, 7, 16, 90, 63] 
Round 38, selected: [92, 1, 26, 3, 78, 21, 89, 22, 68, 15] 
Round 39, selected: [8, 49, 53, 81, 11, 9, 21, 39, 25, 62] 
Round 40, selected: [23, 71, 3, 65, 89, 50, 97, 40, 78, 32] 
Round 41, selected: [38, 59, 64, 76, 7, 77, 51, 25, 47, 69] 
Round 42, selected: [91, 32, 44, 38, 84, 73, 50, 34, 0, 64] 
Round 43, selected: [70, 51, 40, 82, 64, 96, 90, 15, 86, 30] 
Round 44, selected: [38, 81, 59, 84, 50, 61, 12, 51, 69, 56] 
Round 45, selected: [70, 28, 75, 23, 96, 65, 59, 76, 40, 32] 
Round 46, selected: [0, 71, 4, 53, 36, 68, 91, 67, 58, 7] 
Round 47, selected: [23, 87, 54, 75, 11, 46, 79, 47, 24, 86] 
Round 48, selected: [28, 91, 52, 76, 39, 30, 50, 20, 25, 21] 
Round 49, selected: [59, 1, 54, 96, 25, 97, 14, 92, 65, 63] 
Round 50, selected: [38, 32, 81, 16, 44, 68, 34, 3, 84, 7] 
Round 51, selected: [64, 87, 46, 82, 15, 54, 28, 71, 44, 49] 
Round 52, selected: [53, 8, 62, 51, 76, 92, 69, 48, 79, 0] 
Round 53, selected: [70, 8, 73, 32, 6, 82, 14, 39, 44, 63] 
Round 54, selected: [23, 1, 59, 64, 75, 40, 68, 52, 69, 56] 
Round 55, selected: [8, 38, 30, 16, 11, 71, 7, 58, 12, 48] 
Round 56, selected: [70, 64, 91, 46, 81, 92, 74, 25, 65, 86] 
Round 57, selected: [59, 23, 49, 47, 87, 44, 77, 15, 26, 53] 
Round 58, selected: [28, 46, 62, 84, 76, 61, 56, 50, 24, 97] 
Round 59, selected: [96, 28, 75, 87, 53, 32, 22, 52, 21, 90] 
Round 60, selected: [40, 6, 0, 8, 36, 49, 85, 9, 89, 64] 
Selected 100 different clients
Round 12, never again choosing [95, 33, 18, 13, 83, 66, 41, 80, 72, 98]
Round 15, never again choosing [94, 27, 55, 2, 99, 57, 37, 17, 60, 43]
Round 17, never again choosing [29, 31, 45, 5, 42, 35, 19, 93, 88, 10]
