Client selection history
Round 1, selected: [152, 149, 1, 160, 187, 71, 98, 130, 174, 95, 52, 42, 191, 109, 129, 124, 44, 66, 144, 72] 
Round 2, selected: [131, 36, 76, 182, 93, 66, 179, 0, 103, 87, 22, 102, 38, 1, 135, 158, 108, 154, 77, 12] 
Round 3, selected: [168, 122, 72, 126, 18, 125, 6, 180, 144, 52, 81, 113, 146, 89, 157, 149, 94, 162, 198, 83] 
Round 4, selected: [76, 182, 82, 187, 43, 91, 127, 195, 96, 162, 59, 12, 199, 86, 157, 71, 154, 5, 116, 23] 
Round 5, selected: [150, 124, 56, 186, 126, 73, 104, 156, 168, 117, 163, 145, 196, 146, 93, 164, 9, 72, 67, 70] 
Round 6, selected: [3, 31, 128, 41, 50, 17, 165, 19, 42, 22, 36, 122, 60, 140, 48, 51, 190, 101, 181, 188] 
Round 7, selected: [53, 189, 18, 45, 125, 49, 73, 198, 137, 149, 185, 66, 110, 70, 93, 161, 192, 167, 67, 42] 
Round 8, selected: [119, 76, 17, 25, 148, 38, 30, 149, 66, 132, 89, 173, 103, 8, 20, 58, 39, 190, 180, 51] 
Round 9, selected: [81, 80, 48, 68, 13, 73, 45, 49, 198, 63, 23, 131, 6, 64, 83, 125, 35, 28, 104, 101] 
Round 10, selected: [152, 119, 187, 171, 69, 1, 25, 55, 42, 149, 122, 44, 15, 24, 166, 103, 160, 26, 194, 196] 
Round 11, selected: [7, 32, 79, 131, 52, 93, 6, 151, 77, 177, 13, 168, 106, 51, 28, 95, 12, 143, 150, 135] 
Round 12, selected: [187, 19, 41, 0, 69, 4, 30, 60, 39, 74, 122, 33, 179, 98, 190, 97, 78, 191, 99, 59] 
Round 13, selected: [79, 101, 57, 114, 184, 124, 23, 177, 65, 131, 16, 62, 110, 175, 0, 125, 52, 167, 185, 169] 
Round 14, selected: [119, 193, 171, 128, 38, 60, 33, 140, 178, 42, 179, 164, 58, 20, 107, 96, 8, 118, 3, 50] 
Round 15, selected: [137, 7, 199, 132, 57, 6, 80, 153, 163, 10, 154, 28, 126, 63, 62, 37, 27, 81, 5, 197] 
Round 16, selected: [106, 182, 69, 170, 160, 23, 157, 147, 33, 120, 165, 171, 86, 166, 178, 195, 190, 4, 155, 77] 
Round 17, selected: [53, 174, 117, 114, 64, 176, 150, 109, 0, 40, 132, 16, 37, 27, 126, 28, 124, 163, 85, 21] 
Round 18, selected: [143, 96, 195, 185, 158, 54, 98, 180, 65, 121, 115, 11, 149, 66, 190, 2, 13, 188, 151, 49] 
Round 19, selected: [150, 95, 114, 189, 81, 100, 85, 176, 20, 101, 156, 110, 36, 19, 31, 145, 173, 10, 132, 26] 
Round 20, selected: [91, 106, 75, 147, 111, 138, 69, 71, 89, 1, 66, 49, 162, 31, 126, 5, 194, 199, 119, 21] 
Round 21, selected: [172, 84, 192, 79, 33, 64, 40, 81, 183, 92, 112, 104, 129, 25, 153, 103, 15, 163, 95, 93] 
Round 22, selected: [17, 127, 106, 28, 50, 171, 1, 100, 140, 141, 149, 53, 6, 169, 185, 138, 7, 98, 132, 39] 
Round 23, selected: [72, 123, 94, 92, 43, 196, 159, 86, 103, 107, 39, 154, 14, 169, 8, 19, 193, 127, 121, 41] 
Round 24, selected: [167, 47, 142, 133, 165, 105, 178, 187, 144, 179, 115, 125, 58, 106, 75, 88, 87, 104, 99, 91] 
Round 25, selected: [159, 127, 48, 68, 149, 141, 67, 120, 157, 153, 111, 20, 102, 193, 56, 39, 135, 166, 179, 104] 
Round 26, selected: [31, 72, 136, 19, 100, 115, 133, 191, 167, 183, 28, 175, 29, 25, 46, 144, 65, 52, 164, 68] 
Round 27, selected: [192, 48, 32, 7, 137, 79, 36, 183, 65, 127, 56, 131, 157, 139, 18, 75, 35, 21, 129, 26] 
Round 28, selected: [72, 31, 55, 139, 15, 58, 170, 26, 87, 187, 133, 168, 35, 24, 105, 42, 164, 33, 127, 45] 
Round 29, selected: [14, 79, 159, 141, 192, 130, 47, 95, 18, 175, 8, 12, 120, 124, 42, 140, 156, 149, 40, 85] 
Round 30, selected: [194, 33, 82, 66, 43, 39, 192, 173, 54, 183, 129, 178, 132, 112, 12, 21, 162, 191, 122, 35] 
Round 31, selected: [48, 125, 73, 68, 159, 189, 141, 175, 114, 156, 85, 154, 44, 62, 3, 134, 45, 76, 108, 51] 
Round 32, selected: [55, 74, 193, 46, 34, 72, 88, 171, 102, 169, 164, 148, 183, 142, 86, 78, 195, 143, 9, 64] 
Round 33, selected: [14, 7, 137, 0, 56, 140, 128, 10, 6, 119, 63, 103, 123, 44, 111, 55, 172, 80, 183, 144] 
Round 34, selected: [2, 30, 160, 35, 152, 191, 92, 94, 19, 180, 46, 75, 155, 135, 103, 33, 122, 95, 187, 101] 
Round 35, selected: [174, 159, 141, 11, 137, 0, 22, 108, 111, 57, 127, 153, 140, 185, 34, 132, 170, 98, 94, 1] 
Round 36, selected: [88, 9, 118, 102, 105, 2, 34, 107, 181, 173, 35, 76, 125, 179, 55, 47, 101, 188, 68, 130] 
Round 37, selected: [79, 7, 174, 184, 108, 0, 17, 15, 137, 130, 76, 121, 119, 124, 107, 95, 157, 88, 86, 106] 
Round 38, selected: [161, 134, 72, 99, 152, 43, 160, 67, 159, 169, 103, 59, 29, 157, 74, 38, 112, 116, 70, 143] 
Round 39, selected: [7, 82, 0, 108, 130, 152, 114, 73, 8, 165, 115, 124, 11, 120, 196, 30, 189, 197, 192, 148] 
Round 40, selected: [194, 159, 192, 166, 186, 90, 86, 110, 75, 32, 36, 74, 167, 107, 83, 105, 120, 6, 181, 51] 
Round 41, selected: [182, 82, 79, 28, 41, 100, 94, 66, 20, 3, 104, 16, 72, 146, 8, 179, 50, 32, 178, 34] 
Round 42, selected: [123, 131, 46, 17, 12, 111, 4, 103, 18, 194, 88, 199, 22, 149, 34, 104, 165, 56, 144, 39] 
Round 43, selected: [61, 174, 48, 134, 118, 123, 18, 170, 9, 168, 44, 199, 23, 32, 196, 135, 188, 120, 183, 192] 
Round 44, selected: [128, 68, 19, 90, 79, 15, 65, 54, 78, 69, 102, 134, 42, 197, 64, 39, 155, 12, 59, 85] 
Round 45, selected: [186, 146, 123, 7, 192, 30, 199, 26, 46, 174, 22, 184, 73, 60, 16, 42, 52, 65, 19, 86] 
Round 46, selected: [161, 58, 32, 4, 131, 92, 101, 3, 197, 125, 121, 166, 146, 30, 199, 50, 99, 137, 65, 180] 
Round 47, selected: [130, 123, 55, 186, 94, 151, 119, 54, 32, 9, 44, 153, 167, 25, 58, 19, 2, 62, 148, 63] 
Round 48, selected: [7, 184, 174, 186, 92, 47, 163, 111, 17, 45, 88, 102, 22, 118, 46, 145, 117, 140, 154, 18] 
Round 49, selected: [128, 182, 193, 53, 41, 43, 94, 192, 69, 61, 44, 36, 33, 140, 64, 39, 169, 167, 181, 40] 
Round 50, selected: [14, 134, 160, 141, 17, 144, 68, 174, 50, 65, 102, 2, 32, 96, 105, 44, 37, 164, 43, 55] 
Round 51, selected: [22, 31, 159, 66, 194, 146, 30, 136, 7, 119, 11, 127, 126, 57, 113, 34, 97, 197, 10, 178] 
Round 52, selected: [159, 123, 151, 146, 170, 8, 134, 143, 91, 67, 136, 173, 46, 137, 152, 12, 102, 29, 132, 116] 
Round 53, selected: [79, 174, 186, 73, 150, 31, 58, 163, 26, 4, 87, 0, 56, 162, 131, 113, 156, 168, 41, 171] 
Round 54, selected: [72, 170, 128, 53, 164, 129, 92, 121, 38, 97, 61, 102, 131, 12, 21, 109, 155, 116, 23, 54] 
Round 55, selected: [73, 100, 34, 64, 125, 79, 87, 148, 113, 137, 28, 178, 134, 58, 69, 25, 171, 8, 127, 52] 
Round 56, selected: [123, 146, 159, 15, 192, 67, 53, 33, 46, 99, 43, 47, 58, 64, 9, 111, 133, 199, 160, 84] 
Round 57, selected: [174, 76, 29, 17, 65, 100, 124, 68, 118, 72, 91, 163, 193, 8, 155, 142, 143, 153, 178, 18] 
Round 58, selected: [67, 194, 88, 72, 129, 168, 101, 99, 115, 193, 179, 199, 198, 79, 89, 36, 9, 86, 97, 162] 
Round 59, selected: [61, 48, 175, 11, 152, 123, 183, 4, 95, 47, 30, 0, 56, 38, 103, 110, 24, 163, 45, 193] 
Round 60, selected: [26, 14, 164, 125, 47, 128, 29, 142, 96, 146, 135, 55, 11, 173, 5, 32, 67, 2, 31, 6] 
Selected 200 different clients
