Client selection history
Round 1, selected: [169, 144, 71, 68, 44, 179, 114, 27, 129, 95] 
Round 2, selected: [154, 149, 167, 12, 66, 87, 170, 36, 179, 70] 
Round 3, selected: [69, 131, 100, 94, 82, 193, 97, 15, 83, 149] 
Round 4, selected: [72, 35, 85, 59, 12, 127, 43, 134, 199, 84] 
Round 5, selected: [0, 58, 165, 141, 36, 104, 196, 119, 145, 161] 
Round 6, selected: [101, 128, 85, 188, 17, 131, 3, 42, 7, 129] 
Round 7, selected: [69, 167, 149, 132, 178, 34, 33, 60, 192, 187] 
Round 8, selected: [126, 38, 8, 77, 89, 103, 76, 109, 189, 185] 
Round 9, selected: [87, 101, 6, 170, 166, 80, 100, 99, 180, 73] 
Round 10, selected: [77, 25, 149, 68, 69, 103, 116, 185, 53, 44] 
Round 11, selected: [30, 168, 19, 165, 157, 95, 166, 151, 32, 177] 
Round 12, selected: [179, 89, 69, 198, 0, 70, 74, 60, 175, 116] 
Round 13, selected: [2, 177, 16, 52, 65, 118, 144, 131, 110, 114] 
Round 14, selected: [50, 71, 171, 3, 140, 143, 193, 33, 128, 151] 
Round 15, selected: [132, 154, 142, 80, 104, 34, 9, 197, 62, 144] 
Round 16, selected: [77, 49, 23, 190, 147, 69, 170, 159, 86, 46] 
Round 17, selected: [98, 44, 85, 104, 132, 42, 164, 152, 114, 150] 
Round 18, selected: [113, 158, 78, 168, 105, 49, 65, 13, 52, 40] 
Round 19, selected: [122, 161, 20, 43, 24, 134, 35, 170, 10, 15] 
Round 20, selected: [80, 5, 75, 89, 57, 21, 6, 71, 174, 110] 
Round 21, selected: [104, 25, 192, 162, 103, 130, 139, 92, 112, 95] 
Round 22, selected: [39, 1, 169, 129, 189, 184, 101, 53, 7, 149] 
Round 23, selected: [72, 41, 59, 107, 94, 98, 36, 190, 27, 154] 
Round 24, selected: [198, 91, 126, 142, 47, 88, 167, 169, 115, 187] 
Round 25, selected: [120, 86, 25, 111, 39, 118, 127, 20, 141, 41] 
Round 26, selected: [72, 6, 183, 29, 68, 25, 146, 194, 99, 148] 
Round 27, selected: [157, 173, 77, 18, 122, 183, 192, 48, 176, 32] 
Round 28, selected: [157, 186, 198, 150, 87, 20, 36, 26, 97, 176] 
Round 29, selected: [156, 120, 130, 76, 29, 118, 98, 175, 63, 195] 
Round 30, selected: [84, 132, 178, 173, 191, 156, 194, 192, 66, 37] 
Round 31, selected: [38, 142, 62, 51, 67, 175, 48, 165, 162, 44] 
Round 32, selected: [126, 88, 120, 28, 183, 106, 178, 57, 5, 148] 
Round 33, selected: [6, 29, 140, 4, 80, 10, 24, 83, 103, 123] 
Round 34, selected: [94, 1, 12, 89, 122, 48, 19, 30, 57, 191] 
Round 35, selected: [153, 11, 140, 136, 137, 34, 43, 20, 132, 133] 
Round 36, selected: [87, 8, 156, 107, 88, 154, 80, 47, 181, 125] 
Round 37, selected: [157, 188, 124, 106, 83, 17, 86, 178, 107, 9] 
Round 38, selected: [93, 157, 120, 77, 81, 59, 38, 130, 112, 20] 
Round 39, selected: [8, 196, 122, 30, 39, 73, 118, 124, 0, 34] 
Round 40, selected: [74, 16, 6, 189, 36, 105, 51, 27, 83, 54] 
Round 41, selected: [104, 166, 1, 98, 32, 8, 182, 179, 141, 107] 
Round 42, selected: [18, 28, 77, 123, 90, 89, 180, 124, 88, 149] 
Round 43, selected: [6, 196, 132, 156, 48, 2, 104, 66, 120, 134] 
Round 44, selected: [163, 126, 28, 65, 78, 90, 102, 59, 42, 106] 
Round 45, selected: [86, 166, 158, 16, 65, 19, 30, 146, 4, 105] 
Round 46, selected: [119, 163, 76, 32, 81, 137, 8, 121, 190, 65] 
Round 47, selected: [58, 153, 25, 6, 99, 88, 151, 55, 86, 190] 
Round 48, selected: [186, 163, 140, 16, 7, 85, 89, 102, 17, 47] 
Round 49, selected: [45, 84, 182, 126, 192, 6, 190, 52, 43, 44] 
Round 50, selected: [126, 94, 32, 144, 192, 141, 59, 81, 105, 17] 
Round 51, selected: [119, 126, 11, 142, 197, 136, 158, 93, 10, 121] 
Round 52, selected: [91, 29, 119, 173, 8, 151, 137, 102, 136, 108] 
Round 53, selected: [73, 94, 167, 28, 113, 168, 132, 176, 21, 13] 
Round 54, selected: [150, 119, 153, 197, 77, 63, 147, 162, 191, 125] 
Round 55, selected: [58, 87, 8, 86, 25, 171, 73, 137, 102, 158] 
Round 56, selected: [199, 117, 163, 188, 67, 109, 58, 29, 64, 99] 
Round 57, selected: [142, 198, 122, 148, 18, 68, 124, 188, 153, 193] 
Round 58, selected: [199, 119, 88, 67, 10, 158, 179, 54, 70, 99] 
Round 59, selected: [11, 1, 175, 109, 4, 49, 0, 110, 48, 38] 
Round 60, selected: [25, 128, 11, 6, 153, 173, 65, 169, 39, 55] 
Selected 188 different clients
