Client selection history
Round 1, selected: [10, 17, 89, 65, 6, 7, 61, 69, 37, 79] 
Round 2, selected: [50, 85, 98, 43, 92, 53, 86, 62, 4, 75] 
Round 3, selected: [9, 75, 27, 48, 62, 33, 64, 7, 79, 11] 
Round 4, selected: [71, 29, 17, 49, 77, 25, 30, 90, 4, 65] 
Round 5, selected: [48, 0, 63, 95, 29, 53, 21, 35, 46, 1] 
Round 6, selected: [33, 64, 76, 9, 53, 20, 97, 22, 28, 29] 
Round 7, selected: [73, 74, 31, 97, 42, 33, 27, 62, 53, 91] 
Round 8, selected: [42, 56, 62, 57, 49, 43, 92, 23, 28, 86] 
Round 9, selected: [28, 69, 66, 45, 70, 88, 39, 59, 58, 94] 
Round 10, selected: [2, 27, 5, 52, 14, 15, 28, 59, 11, 69] 
Round 11, selected: [7, 92, 8, 71, 91, 41, 6, 5, 19, 84] 
Round 12, selected: [36, 41, 49, 38, 5, 9, 22, 64, 23, 91] 
Round 13, selected: [84, 21, 83, 65, 46, 25, 17, 14, 97, 43] 
Round 14, selected: [78, 61, 80, 30, 95, 44, 62, 25, 6, 77] 
Round 15, selected: [62, 39, 72, 46, 84, 15, 95, 11, 54, 32] 
Round 16, selected: [20, 21, 15, 22, 30, 81, 25, 72, 41, 0] 
Round 17, selected: [73, 83, 14, 28, 20, 89, 50, 97, 47, 6] 
Round 18, selected: [63, 42, 77, 15, 76, 26, 58, 99, 62, 46] 
Round 19, selected: [83, 30, 77, 71, 11, 12, 69, 68, 74, 39] 
Round 20, selected: [78, 13, 0, 43, 85, 59, 33, 89, 90, 48] 
Round 21, selected: [77, 68, 89, 14, 94, 6, 78, 8, 44, 81] 
Round 22, selected: [42, 2, 98, 46, 55, 28, 25, 31, 78, 30] 
Round 23, selected: [68, 53, 48, 67, 28, 16, 82, 23, 2, 38] 
Round 24, selected: [93, 34, 32, 28, 31, 12, 74, 16, 44, 10] 
Round 25, selected: [30, 18, 48, 52, 13, 19, 54, 71, 20, 85] 
Round 26, selected: [10, 78, 73, 3, 16, 76, 66, 9, 38, 11] 
Round 27, selected: [88, 93, 50, 49, 53, 29, 44, 40, 20, 39] 
Round 28, selected: [70, 51, 2, 19, 59, 40, 87, 3, 21, 56] 
Round 29, selected: [48, 9, 12, 22, 29, 1, 70, 73, 96, 86] 
Round 30, selected: [56, 84, 79, 63, 96, 2, 60, 29, 40, 78] 
Round 31, selected: [15, 64, 45, 3, 91, 97, 50, 75, 67, 18] 
Round 32, selected: [62, 75, 23, 49, 32, 9, 63, 0, 46, 83] 
Round 33, selected: [84, 2, 22, 52, 97, 94, 4, 32, 53, 83] 
Round 34, selected: [27, 34, 8, 99, 48, 26, 84, 51, 40, 9] 
Round 35, selected: [23, 32, 66, 68, 57, 17, 79, 1, 50, 27] 
Round 36, selected: [31, 33, 28, 55, 3, 46, 60, 40, 63, 97] 
Round 37, selected: [65, 94, 16, 45, 61, 73, 38, 91, 20, 50] 
Round 38, selected: [0, 93, 7, 26, 58, 94, 89, 39, 78, 23] 
Round 39, selected: [47, 84, 66, 27, 76, 30, 40, 65, 94, 55] 
Round 40, selected: [45, 35, 43, 15, 57, 73, 26, 19, 9, 16] 
Round 41, selected: [3, 82, 85, 25, 81, 76, 44, 65, 80, 49] 
Round 42, selected: [14, 7, 46, 53, 52, 77, 24, 97, 62, 49] 
Round 43, selected: [91, 55, 2, 66, 86, 92, 78, 14, 8, 54] 
Round 44, selected: [39, 21, 88, 66, 92, 31, 4, 7, 40, 74] 
Round 45, selected: [25, 33, 39, 30, 0, 62, 44, 32, 55, 28] 
Round 46, selected: [46, 62, 93, 98, 87, 77, 73, 63, 13, 1] 
Round 47, selected: [64, 16, 8, 22, 87, 3, 12, 81, 88, 41] 
Round 48, selected: [31, 34, 2, 54, 57, 91, 85, 61, 10, 35] 
Round 49, selected: [98, 27, 86, 69, 39, 61, 28, 78, 96, 51] 
Round 50, selected: [73, 34, 81, 59, 27, 20, 29, 98, 85, 33] 
Round 51, selected: [20, 84, 7, 57, 9, 28, 5, 8, 49, 89] 
Round 52, selected: [87, 61, 97, 81, 8, 12, 17, 25, 21, 20] 
Round 53, selected: [52, 41, 85, 33, 97, 63, 37, 12, 32, 31] 
Round 54, selected: [70, 94, 80, 62, 46, 56, 69, 60, 29, 27] 
Round 55, selected: [91, 81, 99, 78, 54, 64, 28, 19, 72, 3] 
Round 56, selected: [69, 52, 0, 86, 38, 42, 10, 93, 59, 70] 
Round 57, selected: [71, 56, 58, 52, 15, 57, 33, 36, 80, 5] 
Round 58, selected: [25, 58, 98, 42, 84, 37, 69, 14, 35, 85] 
Round 59, selected: [12, 5, 58, 0, 71, 82, 84, 74, 56, 62] 
Round 60, selected: [85, 54, 80, 14, 49, 5, 97, 71, 68, 50] 
Selected 100 different clients
