Client selection history
Round 1, selected: [58, 61, 6, 7, 10, 13, 2, 5, 65, 93] 
Round 2, selected: [88, 87, 43, 8, 98, 34, 19, 95, 31, 84] 
Round 3, selected: [52, 53, 90, 92, 1, 2, 97, 91, 74, 99] 
Round 4, selected: [55, 94, 30, 10, 47, 11, 14, 62, 36, 74] 
Round 5, selected: [53, 31, 29, 38, 34, 67, 0, 73, 43, 4] 
Round 6, selected: [51, 1, 22, 69, 53, 81, 11, 91, 0, 90] 
Round 7, selected: [32, 2, 28, 93, 94, 33, 53, 73, 79, 1] 
Round 8, selected: [61, 88, 54, 91, 80, 76, 60, 24, 86, 41] 
Round 9, selected: [37, 18, 78, 49, 51, 64, 19, 11, 66, 24] 
Round 10, selected: [32, 39, 61, 41, 71, 3, 76, 42, 25, 56] 
Round 11, selected: [49, 5, 14, 10, 17, 24, 54, 87, 88, 81] 
Round 12, selected: [3, 53, 44, 84, 11, 62, 25, 48, 30, 58] 
Round 13, selected: [42, 8, 94, 79, 5, 34, 41, 7, 89, 14] 
Round 14, selected: [0, 56, 91, 20, 10, 22, 36, 21, 33, 90] 
Round 15, selected: [27, 42, 49, 79, 60, 51, 86, 2, 80, 14] 
Round 16, selected: [0, 26, 50, 33, 25, 20, 61, 68, 58, 81] 
Round 17, selected: [94, 35, 1, 32, 8, 49, 74, 88, 79, 81] 
Round 18, selected: [71, 44, 56, 50, 89, 95, 90, 48, 21, 43] 
Round 19, selected: [94, 35, 88, 93, 51, 76, 49, 41, 92, 22] 
Round 20, selected: [91, 13, 65, 81, 11, 60, 89, 62, 63, 21] 
Round 21, selected: [38, 86, 5, 77, 88, 82, 85, 25, 75, 36] 
Round 22, selected: [70, 16, 8, 43, 13, 18, 39, 0, 49, 24] 
Round 23, selected: [64, 54, 10, 59, 66, 60, 74, 76, 84, 63] 
Round 24, selected: [31, 44, 15, 19, 83, 33, 73, 65, 85, 0] 
Round 25, selected: [81, 10, 13, 94, 62, 8, 66, 77, 20, 34] 
Round 26, selected: [70, 54, 46, 83, 59, 31, 65, 67, 93, 96] 
Round 27, selected: [52, 10, 11, 28, 26, 48, 17, 63, 96, 74] 
Round 28, selected: [79, 94, 69, 97, 99, 39, 66, 70, 25, 12] 
Round 29, selected: [41, 16, 28, 0, 5, 9, 50, 36, 24, 31] 
Round 30, selected: [30, 11, 97, 74, 93, 66, 59, 18, 90, 20] 
Round 31, selected: [42, 38, 81, 79, 84, 41, 35, 9, 46, 36] 
Round 32, selected: [44, 93, 88, 54, 16, 37, 53, 60, 43, 82] 
Round 33, selected: [64, 35, 23, 47, 65, 77, 49, 30, 5, 11] 
Round 34, selected: [26, 38, 0, 28, 60, 50, 12, 33, 34, 97] 
Round 35, selected: [57, 75, 25, 17, 23, 65, 4, 90, 85, 9] 
Round 36, selected: [16, 10, 61, 60, 94, 18, 29, 86, 74, 20] 
Round 37, selected: [15, 39, 78, 1, 40, 2, 33, 89, 24, 18] 
Round 38, selected: [7, 72, 30, 0, 32, 64, 76, 52, 9, 11] 
Round 39, selected: [83, 59, 94, 38, 69, 71, 87, 99, 44, 49] 
Round 40, selected: [53, 80, 0, 61, 22, 72, 2, 70, 38, 37] 
Round 41, selected: [51, 46, 90, 58, 73, 48, 44, 15, 39, 41] 
Round 42, selected: [0, 49, 96, 93, 87, 27, 69, 39, 61, 22] 
Round 43, selected: [51, 3, 52, 59, 71, 1, 30, 19, 48, 69] 
Round 44, selected: [32, 70, 28, 53, 79, 7, 77, 59, 66, 17] 
Round 45, selected: [8, 26, 55, 44, 54, 21, 45, 77, 13, 57] 
Round 46, selected: [97, 92, 54, 83, 10, 36, 31, 26, 43, 80] 
Round 47, selected: [8, 17, 96, 25, 72, 38, 69, 22, 3, 58] 
Round 48, selected: [8, 95, 50, 81, 34, 66, 57, 15, 12, 44] 
Round 49, selected: [25, 23, 84, 6, 2, 28, 76, 49, 56, 65] 
Round 50, selected: [42, 46, 7, 55, 50, 17, 81, 68, 97, 3] 
Round 51, selected: [53, 13, 16, 42, 51, 10, 94, 35, 1, 26] 
Round 52, selected: [5, 30, 28, 88, 32, 92, 3, 34, 84, 15] 
Round 53, selected: [51, 79, 88, 7, 0, 19, 21, 95, 6, 12] 
Round 54, selected: [28, 32, 76, 39, 44, 15, 65, 67, 9, 25] 
Round 55, selected: [55, 1, 7, 77, 41, 14, 87, 69, 46, 13] 
Round 56, selected: [88, 92, 0, 48, 1, 56, 60, 35, 62, 22] 
Round 57, selected: [42, 31, 16, 81, 24, 33, 9, 34, 67, 82] 
Round 58, selected: [64, 51, 23, 0, 96, 10, 66, 86, 56, 65] 
Round 59, selected: [8, 38, 13, 39, 34, 26, 89, 9, 70, 3] 
Round 60, selected: [59, 97, 27, 36, 86, 49, 29, 10, 32, 80] 
Selected 100 different clients
