Client selection history
Round 0, selected: [388, 455, 208, 66, 313, 379, 157, 487, 271, 353] 
Round 1, selected: [278, 299, 77, 221, 111, 312, 238, 387, 413, 371] 
Round 2, selected: [53, 204, 147, 254, 418, 486, 471, 210, 262, 366] 
Round 3, selected: [142, 374, 82, 417, 123, 463, 488, 34, 168, 469] 
Round 4, selected: [436, 184, 481, 389, 289, 84, 430, 307, 355, 94] 
Round 5, selected: [156, 236, 240, 41, 401, 395, 139, 214, 424, 253] 
Round 6, selected: [151, 475, 14, 189, 293, 15, 314, 25, 478, 266] 
Round 7, selected: [164, 263, 402, 154, 163, 321, 175, 349, 291, 247] 
Round 8, selected: [231, 324, 352, 50, 228, 146, 217, 145, 138, 397] 
Round 9, selected: [403, 438, 101, 461, 297, 183, 357, 392, 304, 400] 
Round 10, selected: [87, 178, 96, 345, 347, 20, 273, 382, 31, 92] 
Round 11, selected: [71, 17, 36, 449, 489, 428, 5, 149, 406, 23] 
Round 12, selected: [454, 285, 440, 58, 434, 140, 198, 422, 268, 343] 
Round 13, selected: [296, 272, 224, 251, 176, 117, 21, 464, 370, 256] 
Round 14, selected: [318, 432, 216, 191, 4, 215, 466, 133, 113, 239] 
Round 15, selected: [298, 450, 385, 373, 161, 345, 65, 67, 128, 439] 
Round 16, selected: [292, 323, 316, 283, 90, 490, 182, 356, 447, 315] 
Round 17, selected: [55, 427, 420, 435, 267, 219, 201, 479, 124, 346] 
Round 18, selected: [296, 264, 110, 452, 70, 169, 280, 47, 202, 314] 
Round 19, selected: [286, 159, 32, 148, 334, 153, 482, 394, 155, 275] 
Round 20, selected: [458, 69, 123, 260, 127, 467, 282, 126, 181, 333] 
Round 21, selected: [213, 476, 323, 383, 242, 419, 320, 137, 81, 102] 
Round 22, selected: [231, 95, 27, 74, 498, 407, 0, 445, 29, 361] 
Round 23, selected: [403, 122, 184, 443, 203, 104, 80, 245, 269, 335] 
Round 24, selected: [18, 408, 193, 301, 344, 99, 52, 415, 250, 372] 
Round 25, selected: [7, 456, 421, 194, 404, 83, 491, 167, 472, 429] 
Round 26, selected: [11, 230, 368, 106, 8, 274, 143, 192, 114, 39] 
Round 27, selected: [119, 48, 433, 204, 252, 279, 412, 316, 386, 308] 
Round 28, selected: [278, 355, 411, 98, 405, 134, 234, 209, 177, 0] 
Round 29, selected: [359, 178, 75, 26, 216, 496, 188, 365, 107, 9] 
Selected 285 different clients
