Client selection history
Round 1, selected: [65, 37, 89, 7, 10, 1, 23, 17, 93, 61] 
Round 2, selected: [50, 37, 98, 43, 6, 31, 84, 95, 8, 34] 
Round 3, selected: [90, 97, 67, 74, 33, 18, 1, 52, 95, 8] 
Round 4, selected: [36, 37, 65, 10, 15, 77, 47, 95, 42, 14] 
Round 5, selected: [16, 93, 58, 38, 17, 73, 43, 67, 22, 31] 
Round 6, selected: [90, 1, 51, 69, 21, 45, 81, 15, 80, 91] 
Round 7, selected: [33, 93, 94, 69, 97, 67, 53, 28, 85, 73] 
Round 8, selected: [60, 50, 74, 24, 76, 88, 61, 78, 41, 32] 
Round 9, selected: [59, 18, 49, 77, 93, 19, 63, 37, 66, 45] 
Round 10, selected: [39, 88, 61, 42, 56, 3, 76, 35, 25, 37] 
Round 11, selected: [10, 83, 14, 17, 24, 26, 52, 5, 49, 85] 
Round 12, selected: [58, 25, 2, 36, 11, 48, 84, 44, 3, 74] 
Round 13, selected: [8, 7, 89, 42, 14, 90, 97, 94, 75, 79] 
Round 14, selected: [50, 10, 90, 28, 0, 33, 20, 22, 59, 53] 
Round 15, selected: [93, 42, 14, 86, 49, 76, 36, 51, 82, 4] 
Round 16, selected: [50, 24, 9, 60, 81, 93, 33, 92, 20, 26] 
Round 17, selected: [1, 94, 63, 79, 99, 83, 40, 35, 88, 74] 
Round 18, selected: [80, 95, 48, 23, 21, 44, 50, 61, 22, 89] 
Round 19, selected: [65, 51, 31, 41, 69, 85, 43, 15, 21, 24] 
Round 20, selected: [13, 81, 65, 55, 60, 91, 11, 6, 67, 89] 
Round 21, selected: [38, 86, 77, 28, 82, 36, 25, 88, 75, 85] 
Round 22, selected: [16, 39, 18, 78, 8, 86, 0, 37, 43, 49] 
Round 23, selected: [9, 66, 38, 54, 45, 39, 84, 64, 59, 10] 
Round 24, selected: [19, 44, 45, 37, 74, 75, 33, 73, 83, 85] 
Round 25, selected: [34, 20, 77, 23, 66, 18, 8, 36, 10, 0] 
Round 26, selected: [72, 96, 28, 38, 54, 20, 92, 59, 65, 22] 
Round 27, selected: [16, 2, 68, 17, 86, 48, 23, 66, 26, 28] 
Round 28, selected: [12, 78, 39, 97, 96, 79, 84, 43, 66, 25] 
Round 29, selected: [9, 16, 41, 36, 64, 28, 5, 24, 55, 84] 
Round 30, selected: [7, 18, 78, 20, 97, 86, 80, 11, 26, 15] 
Round 31, selected: [19, 9, 38, 79, 42, 18, 21, 74, 41, 69] 
Round 32, selected: [34, 16, 88, 54, 20, 39, 44, 82, 53, 37] 
Round 33, selected: [12, 47, 77, 63, 34, 23, 65, 64, 66, 49] 
Round 34, selected: [2, 78, 12, 38, 34, 33, 28, 90, 97, 5] 
Round 35, selected: [17, 9, 57, 52, 85, 25, 36, 4, 75, 23] 
Round 36, selected: [16, 87, 58, 18, 61, 20, 10, 86, 74, 94] 
Round 37, selected: [1, 2, 45, 39, 48, 33, 24, 50, 78, 15] 
Round 38, selected: [72, 7, 76, 19, 9, 64, 95, 52, 32, 11] 
Round 39, selected: [87, 77, 59, 38, 12, 4, 83, 44, 36, 69] 
Round 40, selected: [2, 72, 70, 82, 80, 73, 57, 46, 22, 61] 
Round 41, selected: [87, 51, 20, 0, 56, 41, 39, 48, 92, 13] 
Round 42, selected: [87, 96, 3, 65, 2, 39, 0, 93, 58, 57] 
Round 43, selected: [1, 19, 59, 22, 82, 48, 99, 3, 37, 51] 
Round 44, selected: [28, 7, 25, 26, 17, 79, 66, 2, 77, 53] 
Round 45, selected: [8, 45, 54, 18, 92, 46, 21, 44, 55, 84] 
Round 46, selected: [43, 54, 85, 9, 77, 73, 26, 10, 97, 20] 
Round 47, selected: [68, 8, 96, 38, 72, 17, 45, 25, 2, 92] 
Round 48, selected: [34, 19, 95, 8, 81, 66, 44, 82, 12, 60] 
Round 49, selected: [68, 2, 25, 23, 6, 76, 84, 85, 65, 34] 
Round 50, selected: [68, 42, 7, 96, 17, 55, 46, 99, 81, 3] 
Round 51, selected: [16, 43, 1, 42, 13, 26, 44, 56, 53, 65] 
Round 52, selected: [88, 48, 92, 28, 5, 17, 6, 15, 34, 84] 
Round 53, selected: [88, 79, 7, 19, 21, 95, 75, 12, 51, 85] 
Round 54, selected: [68, 76, 39, 28, 88, 9, 25, 32, 67, 37] 
Round 55, selected: [87, 1, 63, 14, 7, 41, 77, 55, 34, 83] 
Round 56, selected: [88, 86, 43, 1, 22, 92, 12, 54, 69, 75] 
Round 57, selected: [16, 42, 34, 33, 24, 9, 31, 81, 67, 18] 
Round 58, selected: [96, 64, 72, 86, 23, 0, 85, 45, 58, 51] 
Round 59, selected: [8, 38, 39, 3, 34, 82, 26, 13, 17, 11] 
Round 60, selected: [59, 86, 20, 97, 49, 80, 36, 50, 52, 73] 
Selected 95 different clients
